      0/99    0.948G    0.0591  0.002468  0.004137    0.0657       145       640     0.104   0.09702    0.1005   0.04376   0.05989  0.002412  0.006365
      1/99     5.16G   0.04193  0.002297  0.001913   0.04614       115       640    0.8222    0.1132    0.1304    0.0703   0.05727   0.00205  0.004547
      2/99     6.36G   0.03936  0.002314  0.001778   0.04345       126       640    0.7958   0.09765    0.1246   0.05717   0.05265  0.002535  0.003713
      3/99     6.36G   0.03612  0.002336  0.001624   0.04009       116       640    0.6974    0.1144    0.1702   0.08395   0.04791  0.002283   0.00355
      4/99     6.36G    0.0336  0.002205  0.001486   0.03729       120       640    0.9918    0.1177    0.1615   0.09423   0.04659  0.002127  0.003322
      5/99     6.36G   0.03213  0.002155  0.001471   0.03576       137       640    0.2439    0.2746    0.1884    0.1006   0.04462  0.002249  0.003273
      6/99     6.36G   0.03066  0.002087   0.00142   0.03417       159       640    0.1132    0.3005    0.1953     0.102   0.04286  0.002186   0.00309
      7/99     6.36G   0.02957  0.002078  0.001341   0.03299       119       640    0.4377    0.2765    0.2288    0.1163   0.04099  0.002177  0.002961
      8/99     6.36G   0.02922  0.002052  0.001329    0.0326       112       640    0.9918    0.1291     0.198    0.1101   0.04184  0.002193  0.002994
      9/99     6.36G   0.02833  0.002078  0.001298    0.0317       116       640     0.303    0.3757     0.224    0.1161   0.04036  0.002138  0.002852
     10/99     6.36G   0.02819  0.002046  0.001273   0.03151       115       640    0.1929    0.3667    0.2483    0.1221   0.03923  0.002236   0.00274
