      0/39     1.29G   0.06314   0.01947   0.03715    0.1198       210       640    0.7099    0.1577    0.1334   0.04876   0.07623   0.02936   0.04882
      1/39     6.37G   0.04573   0.01679   0.02183   0.08434       124       640    0.5948    0.4133    0.4366    0.2287   0.05832   0.02669   0.04057
      2/39     6.95G   0.04067   0.01561   0.01724   0.07351       152       640    0.8048     0.578    0.6818    0.3784   0.05385   0.02515   0.03503
      3/39     6.95G   0.03783   0.01463   0.01344    0.0659       197       640    0.7168    0.6316    0.6814    0.4232   0.06337   0.02398   0.03235
      4/39     6.95G   0.03699   0.01437   0.01141   0.06277       159       640    0.8911    0.7438    0.8347    0.5483   0.05107    0.0242   0.02936
      5/39     6.95G   0.03335   0.01364  0.008322   0.05531       190       640    0.9089    0.8184    0.9067     0.627    0.0494   0.02348   0.02648
      6/39     6.95G   0.03198   0.01326  0.006862    0.0521       173       640    0.9533    0.8214    0.9266    0.6808   0.04626    0.0237   0.02442
      7/39     6.95G   0.03077   0.01319   0.00611   0.05007       150       640    0.8788    0.9208    0.9332    0.6855   0.04239   0.02368   0.02332
      8/39     6.95G   0.02997   0.01273   0.00553   0.04823       148       640    0.9115    0.8936    0.9371    0.7146   0.04199   0.02312    0.0218
      9/39     6.95G   0.02929    0.0129  0.005039   0.04722       147       640     0.932    0.8685    0.9393    0.7039   0.04149   0.02314   0.02038
     10/39     6.95G    0.0287   0.01268  0.004706   0.04608       200       640    0.9519    0.8778    0.9463    0.7325   0.03918   0.02314   0.01977
     11/39     6.95G   0.02823   0.01243  0.004552   0.04521       152       640    0.9575    0.8718    0.9464    0.7301   0.03955   0.02327   0.01897
     12/39     6.95G   0.02775   0.01229  0.004277   0.04432       165       640    0.9629    0.8739    0.9487    0.7462     0.037   0.02335   0.01799
     13/39     6.95G   0.02732   0.01226  0.004035   0.04361       153       640    0.9453     0.897    0.9535    0.7524   0.03647   0.02333   0.01711
     14/39     6.95G    0.0271   0.01206  0.003961   0.04312       179       640     0.951    0.9001    0.9589    0.7594   0.03636   0.02326   0.01647
     15/39     6.95G   0.02662   0.01199  0.003816   0.04242       162       640    0.9308    0.9147    0.9566    0.7585   0.03582   0.02338   0.01593
     16/39     6.95G   0.02631   0.01193  0.003616   0.04186       145       640    0.9667    0.8863    0.9643    0.7661   0.03462   0.02373   0.01528
     17/39     6.95G   0.02602   0.01174  0.003457   0.04121       206       640    0.9604    0.9011    0.9609    0.7658   0.03419    0.0236   0.01505
     18/39     6.95G   0.02597   0.01178  0.003546   0.04129       183       640    0.9627     0.887    0.9627    0.7724   0.03458   0.02381   0.01467
     19/39     6.95G   0.02568   0.01177  0.003423   0.04087       155       640    0.9518    0.8917      0.96    0.7626   0.03571   0.02347   0.01421
     20/39     6.95G   0.02572   0.01169  0.003518   0.04093       126       640    0.9606    0.8993    0.9653    0.7725    0.0338   0.02438    0.0137
     21/39     6.95G   0.02528   0.01171  0.003266   0.04026       152       640    0.9756    0.8899    0.9655    0.7847   0.03307   0.02408   0.01309
     22/39     6.95G   0.02507   0.01167  0.003305   0.04005       162       640    0.9881    0.8875    0.9672    0.7879   0.03155   0.02462   0.01269
     23/39     6.95G    0.0249   0.01154  0.003109   0.03955       146       640    0.9704    0.9016    0.9661    0.7967   0.03161   0.02448    0.0122
     24/39     6.95G   0.02473   0.01127  0.003056   0.03905       146       640    0.9735    0.9067    0.9689    0.7864   0.03152   0.02448   0.01179
     25/39     6.95G   0.02451   0.01133  0.003136   0.03897       175       640     0.967    0.9078    0.9685    0.7977   0.03077   0.02454   0.01163
     26/39     6.95G    0.0243   0.01136  0.002942    0.0386       177       640    0.9787    0.9027    0.9688    0.8026   0.03032   0.02448   0.01139
     27/39     6.95G   0.02418   0.01126  0.002896   0.03834       153       640    0.9831    0.8976    0.9713    0.8008   0.03025   0.02466   0.01128
     28/39     6.95G   0.02403   0.01122  0.002792   0.03804       202       640    0.9788    0.9036    0.9688    0.8017   0.03024   0.02442   0.01104
     29/39     6.95G   0.02403   0.01122  0.002786   0.03803       158       640    0.9858    0.8996    0.9705    0.8062   0.03025   0.02464   0.01097
     30/39     6.95G   0.02378   0.01116  0.002645   0.03758       178       640    0.9738    0.9097     0.969    0.8115   0.02929   0.02479   0.01094
     31/39     6.95G   0.02385   0.01116  0.002806   0.03781       159       640    0.9849    0.9013     0.969    0.8068   0.02947   0.02493   0.01085
     32/39     6.95G   0.02363   0.01112  0.002641   0.03739       160       640    0.9804    0.9086    0.9716    0.8109   0.02908   0.02492    0.0107
     33/39     6.95G   0.02348   0.01105  0.002716   0.03725       134       640     0.972    0.9085    0.9693    0.8052   0.02895   0.02485   0.01067
     34/39     6.95G   0.02342   0.01109   0.00269    0.0372       153       640    0.9829    0.9034    0.9713    0.8173   0.02883   0.02484   0.01061
     35/39     6.95G   0.02347   0.01105  0.002659   0.03719       179       640    0.9756     0.908    0.9712    0.8156   0.02874   0.02493   0.01059
     36/39     6.95G   0.02336   0.01101  0.002506   0.03687       155       640     0.977    0.9058    0.9714    0.8164   0.02868   0.02491   0.01048
     37/39     6.95G   0.02338   0.01095   0.00263   0.03696       175       640    0.9756    0.9067    0.9709    0.8174   0.02885   0.02483   0.01045
     38/39     6.95G   0.02333   0.01089  0.002752   0.03698       158       640    0.9835    0.9025    0.9716    0.8167   0.02865   0.02491   0.01044
     39/39     6.95G   0.02328   0.01094  0.002583   0.03681       177       640    0.9846    0.9002    0.9715    0.8176   0.02866   0.02489   0.01045
