      0/39     1.54G   0.06294   0.01959   0.03728    0.1198       210       640    0.7039     0.182    0.1419   0.06222   0.07275   0.03019   0.05015
      1/39     6.69G   0.04563   0.01692   0.02199   0.08454       124       640    0.4881    0.5238    0.4643    0.2519   0.05899   0.02602   0.03989
      2/39     7.27G   0.04061   0.01554   0.01691   0.07306       152       640    0.7433     0.638    0.7126    0.4389   0.05805   0.02357   0.03441
      3/39     7.27G   0.03823   0.01467   0.01286   0.06576       197       640    0.7131    0.6485    0.7213    0.4063   0.06448   0.02309   0.03053
      4/39     7.28G   0.03685   0.01436    0.0103   0.06151       159       640    0.8717    0.7736    0.8309    0.5254   0.05664   0.02278   0.02724
      5/39     7.28G   0.03327   0.01368  0.007961   0.05491       190       640    0.9269    0.7943    0.8686    0.6079   0.04795   0.02444   0.02518
      6/39     7.28G   0.03178   0.01323   0.00664   0.05165       173       640    0.9435    0.8104    0.9271    0.6758   0.04969   0.02331   0.02345
      7/39     7.28G   0.03072   0.01312  0.005964    0.0498       150       640     0.895    0.8774    0.9301    0.6837   0.04803   0.02324    0.0229
      8/39     7.28G   0.02999   0.01264  0.005388   0.04802       148       640    0.9532    0.8275    0.9288    0.6969   0.04489   0.02331   0.02209
      9/39     7.28G   0.02938   0.01284  0.004991   0.04721       147       640    0.8498    0.9389    0.9406    0.7215   0.04402   0.02326   0.02091
     10/39     7.28G   0.02884   0.01263  0.004584   0.04605       200       640    0.9192    0.9048    0.9472    0.7414   0.04147   0.02287   0.01987
     11/39     7.28G   0.02831   0.01241  0.004506   0.04523       152       640    0.9325    0.8854    0.9499    0.7411   0.03924    0.0232   0.01976
     12/39     7.28G   0.02791   0.01226  0.004264   0.04443       165       640    0.9057    0.9208    0.9501    0.7476   0.03903   0.02309   0.01842
     13/39     7.28G   0.02744   0.01224  0.004001   0.04368       153       640     0.912    0.9286    0.9551    0.7562   0.03823   0.02296    0.0182
     14/39     7.28G   0.02721   0.01207  0.003939   0.04322       179       640    0.9625    0.8771    0.9523    0.7556    0.0378   0.02356    0.0177
     15/39     7.28G   0.02674   0.01201  0.003732   0.04248       162       640    0.9262    0.9167    0.9567    0.7592   0.03952   0.02254   0.01728
     16/39     7.28G   0.02638    0.0119  0.003598   0.04188       145       640    0.9195    0.9274    0.9584    0.7582   0.03656   0.02311   0.01697
     17/39     7.28G   0.02608   0.01171  0.003426   0.04121       206       640    0.9658     0.898    0.9597    0.7603   0.03685   0.02334   0.01658
     18/39     7.28G   0.02611   0.01173  0.003553    0.0414       183       640      0.96    0.8948    0.9598    0.7734   0.03694     0.023   0.01599
     19/39     7.28G   0.02572   0.01176  0.003374   0.04085       155       640    0.9619     0.892    0.9614    0.7745   0.03535   0.02351   0.01554
     20/39     7.28G   0.02581   0.01168  0.003464   0.04096       126       640    0.9574     0.899    0.9625    0.7796   0.03455    0.0239   0.01526
     21/39     7.28G   0.02538   0.01168  0.003271   0.04033       152       640    0.9642    0.8903    0.9627     0.787   0.03504   0.02373   0.01448
     22/39     7.28G   0.02522   0.01166  0.003276   0.04015       162       640    0.9753       0.9     0.965    0.7886    0.0331   0.02419   0.01428
     23/39     7.28G   0.02494   0.01152  0.003111   0.03958       146       640    0.9667    0.8985    0.9658    0.7967   0.03318   0.02422   0.01364
     24/39     7.28G   0.02486   0.01127  0.003034   0.03916       146       640    0.9814    0.8957    0.9662    0.7947   0.03366   0.02398   0.01333
     25/39     7.28G   0.02466   0.01132  0.003104   0.03908       175       640    0.9849    0.8835    0.9657    0.7923   0.03246   0.02427   0.01307
     26/39     7.28G   0.02444   0.01138  0.002989   0.03881       177       640    0.9791    0.8958    0.9683    0.8009   0.03331   0.02415   0.01285
     27/39     7.28G    0.0243   0.01125  0.002913   0.03847       153       640    0.9908     0.893    0.9694    0.8032   0.03204   0.02443   0.01284
     28/39     7.28G   0.02415   0.01123    0.0028   0.03818       202       640    0.9691    0.9029    0.9679    0.8132   0.03189   0.02457   0.01252
     29/39     7.28G   0.02409   0.01118  0.002823   0.03809       158       640    0.9797    0.8943    0.9668    0.8113   0.03212   0.02439   0.01224
     30/39     7.28G   0.02388   0.01117  0.002674   0.03772       178       640    0.9709    0.9038    0.9679    0.8106   0.03158   0.02449   0.01206
     31/39     7.28G   0.02389   0.01115  0.002792   0.03783       159       640    0.9848    0.8973    0.9687    0.8105   0.03125   0.02462   0.01216
     32/39     7.28G   0.02371   0.01114  0.002647    0.0375       160       640      0.98    0.8963    0.9684    0.8136   0.03119   0.02461   0.01203
     33/39     7.28G   0.02357   0.01104   0.00273   0.03734       134       640    0.9906    0.8905    0.9671    0.8085   0.03104   0.02453   0.01198
     34/39     7.28G   0.02349    0.0111  0.002709    0.0373       153       640      0.97    0.9074     0.968    0.8143   0.03127   0.02452   0.01193
     35/39     7.28G   0.02356   0.01107  0.002622   0.03725       179       640    0.9932    0.8882    0.9668    0.8157   0.03083   0.02474   0.01183
     36/39     7.28G   0.02347   0.01099  0.002522   0.03698       155       640    0.9842    0.8978    0.9683    0.8143   0.03071   0.02471   0.01176
     37/39     7.28G   0.02345   0.01099  0.002687   0.03712       175       640    0.9885    0.8919    0.9679    0.8174   0.03082   0.02466   0.01173
     38/39     7.28G   0.02344   0.01088  0.002721   0.03703       158       640    0.9858    0.8983    0.9682    0.8184    0.0309   0.02467   0.01171
     39/39     7.28G   0.02333   0.01093   0.00257   0.03683       177       640    0.9845    0.8954    0.9685    0.8199   0.03084   0.02464   0.01171
