      0/99      1.2G   0.06785   0.02336   0.03885    0.1301       223       640    0.9232    0.1644    0.1934   0.06398   0.09315   0.03981   0.05021
      1/99     6.44G   0.05687   0.01937   0.01869   0.09493       181       640    0.5916    0.5978    0.5644    0.1728   0.07181   0.03997   0.03999
      2/99     6.77G   0.04959   0.01827   0.01343    0.0813       240       640    0.4639    0.6412    0.6052    0.2868   0.07312   0.03245   0.03589
      3/99     6.77G   0.04372   0.01783  0.009946    0.0715       240       640    0.6567    0.8312    0.7991    0.3996   0.06467   0.02978    0.0326
      4/99     6.77G    0.0394   0.01728  0.007604   0.06428       192       640    0.8835    0.8678    0.8992    0.4671   0.05919    0.0309    0.0333
      5/99     6.78G   0.03682   0.01691  0.006335   0.06006       209       640    0.8578    0.8731    0.9263    0.5106   0.05555   0.03229   0.03318
      6/99     6.78G   0.03454   0.01629  0.005296   0.05612       221       640     0.773    0.9291    0.9143    0.4845   0.05557   0.03456   0.03118
      7/99     6.78G   0.04357   0.01624  0.007265   0.06708       196       640    0.7919    0.8695    0.8521    0.4723   0.06624   0.03062   0.02943
      8/99     6.78G   0.03656   0.01587  0.005869   0.05829       233       640    0.8584     0.897    0.9234    0.5218   0.05851   0.03337    0.0295
      9/99     6.78G   0.03395   0.01537   0.00477    0.0541       191       640    0.9149    0.9606    0.9694    0.6112   0.05211   0.03372   0.02822
     10/99     6.78G   0.03133   0.01509  0.004246   0.05066       218       640    0.9558    0.9753    0.9845    0.6985   0.04528   0.03675   0.02806
     11/99     6.78G   0.03025   0.01492  0.003808   0.04897       235       640    0.9707    0.9786    0.9863    0.6767   0.04334   0.03771     0.028
     12/99     6.78G   0.02877   0.01473  0.003385   0.04688       227       640    0.9648    0.9841      0.99    0.6775   0.04089   0.03961   0.02845
     13/99     6.78G   0.02861   0.01446  0.003211   0.04628       233       640    0.9845    0.9843     0.993    0.7347   0.03876   0.03831   0.02787
     14/99     6.78G   0.02736   0.01423  0.003125   0.04471       217       640     0.963    0.9838    0.9855    0.7048   0.03888   0.03979   0.02801
     15/99     6.78G   0.02661   0.01414  0.002755   0.04351       202       640    0.9872    0.9819    0.9917     0.697    0.0411    0.0393   0.02785
     16/99     6.78G   0.02652   0.01406  0.002829   0.04341       231       640     0.963    0.9856    0.9846    0.7105   0.03817   0.04108   0.02718
     17/99     6.78G   0.02521   0.01367  0.002663   0.04154       236       640    0.9894    0.9867    0.9947    0.7592   0.03694   0.03955   0.02785
     18/99     6.78G   0.02534   0.01372  0.002602   0.04166       197       640    0.9728    0.9864    0.9926    0.7348   0.03724    0.0405   0.02724
     19/99     6.78G    0.0246   0.01349  0.002486   0.04057       215       640    0.9893    0.9856    0.9945    0.7724   0.03562   0.04061   0.02693
     20/99     6.78G   0.02446   0.01315  0.002451   0.04006       186       640    0.9791     0.991    0.9936    0.7753   0.03567    0.0399   0.02666
     21/99     6.78G   0.02434   0.01322   0.00232   0.03988       214       640    0.9947     0.965    0.9924    0.7688   0.03668   0.04006   0.02746
     22/99     6.78G   0.02378   0.01312  0.002229   0.03913       273       640      0.99    0.9897     0.995    0.7741   0.03525   0.03998   0.02698
     23/99     6.78G   0.02309   0.01313  0.002151   0.03837       245       640    0.9867    0.9961    0.9952    0.7812   0.03515   0.03995   0.02723
     24/99     6.78G     0.023   0.01295  0.002102   0.03805       193       640    0.9895    0.9925    0.9953    0.7949   0.03442   0.04149   0.02697
     25/99     6.78G   0.02291   0.01283  0.002042   0.03778       226       640    0.9849    0.9945    0.9951    0.7849    0.0339   0.04133   0.02638
     26/99     6.78G   0.02234   0.01264  0.001993   0.03698       210       640     0.991    0.9918    0.9953    0.7968   0.03311   0.04138   0.02674
     27/99     6.78G   0.02193   0.01248  0.002035   0.03645       194       640    0.9907    0.9963    0.9953    0.8069    0.0332   0.04178   0.02751
     28/99     6.78G   0.02167   0.01259  0.001916   0.03617       236       640    0.9921    0.9895    0.9953    0.7788   0.03339   0.04068   0.02723
     29/99     6.78G   0.02166   0.01234  0.001885   0.03588       192       640    0.9915    0.9935    0.9953    0.8074   0.03293   0.04074   0.02758
     30/99     6.78G   0.02132    0.0123  0.001728   0.03535       255       640    0.9911    0.9912    0.9953    0.7908   0.03323    0.0427   0.02685
     31/99     6.78G   0.02115   0.01228  0.001705   0.03514       244       640    0.9885    0.9951    0.9952    0.8183   0.03247   0.04157   0.02658
     32/99     6.78G   0.02073   0.01229  0.001796   0.03482       202       640     0.993    0.9931    0.9954    0.8122   0.03304   0.04281   0.02693
     33/99     6.78G   0.02083   0.01198  0.001762   0.03457       224       640    0.9916    0.9916    0.9953    0.8199    0.0327   0.04195   0.02676
     34/99     6.78G   0.02054   0.01211  0.001728   0.03438       253       640     0.991    0.9914    0.9952    0.8156   0.03194   0.04297   0.02684
     35/99     6.78G   0.02035   0.01202  0.001667   0.03403       212       640    0.9926     0.995    0.9954    0.8276   0.03176   0.04196   0.02757
     36/99     6.78G   0.01994   0.01192  0.001626   0.03349       171       640    0.9874    0.9971    0.9938    0.8151   0.03189   0.04274   0.02707
     37/99     6.79G   0.02002   0.01176  0.001565   0.03334       201       640    0.9912    0.9961    0.9954     0.822    0.0318   0.04238   0.02687
     38/99     6.79G   0.01953   0.01193   0.00156   0.03302       199       640    0.9874    0.9966    0.9953    0.8342   0.03174   0.04224   0.02681
     39/99     6.79G   0.01932   0.01171  0.001487   0.03251       243       640    0.9891    0.9968    0.9955    0.8373   0.03111   0.04216   0.02692
     40/99     6.79G   0.01921   0.01155  0.001481   0.03224       215       640    0.9933    0.9954    0.9955     0.843   0.03108   0.04182   0.02718
     41/99     6.79G   0.01935   0.01162  0.001486   0.03246       202       640    0.9919    0.9959    0.9955    0.8435   0.03131   0.04191   0.02716
     42/99     6.79G   0.01885   0.01153  0.001418    0.0318       198       640    0.9931    0.9935    0.9955    0.8454   0.03103   0.04322   0.02696
     43/99     6.79G   0.01868   0.01149  0.001368   0.03154       226       640    0.9916    0.9947    0.9955    0.8412    0.0309   0.04344   0.02707
     44/99     6.79G   0.01867   0.01136   0.00142   0.03144       232       640     0.991    0.9954    0.9955    0.8438   0.03073   0.04187   0.02676
     45/99     6.79G   0.01846   0.01129  0.001329   0.03108       210       640    0.9926     0.995    0.9954    0.8513    0.0308   0.04198   0.02734
     46/99     6.79G   0.01806   0.01116  0.001303   0.03053       207       640    0.9913    0.9948    0.9955    0.8564   0.03031   0.04363   0.02701
     47/99     6.79G   0.01771   0.01124  0.001287   0.03024       244       640    0.9906     0.996    0.9955    0.8596   0.03005   0.04221   0.02725
     48/99     6.79G   0.01743   0.01105  0.001251   0.02973       189       640    0.9891    0.9978    0.9955    0.8481   0.02996   0.04424   0.02737
     49/99     6.79G   0.01783    0.0111  0.001204   0.03013       223       640    0.9955    0.9929    0.9955     0.851   0.02991   0.04349   0.02631
     50/99     6.79G   0.01727   0.01099  0.001207   0.02946       272       640    0.9918    0.9964    0.9955    0.8527   0.03032   0.04343   0.02692
     51/99     6.79G   0.01717   0.01103  0.001191   0.02939       254       640    0.9927    0.9956    0.9955      0.86    0.0299   0.04267   0.02726
     52/99     6.79G   0.01711   0.01098  0.001164   0.02925       225       640    0.9936    0.9959    0.9955    0.8646   0.02942   0.04257   0.02731
     53/99     6.79G   0.01691    0.0109    0.0012   0.02901       195       640    0.9951    0.9943    0.9954    0.8596   0.02936   0.04334   0.02694
     54/99     6.79G   0.01666   0.01084  0.001138   0.02863       245       640    0.9921    0.9963    0.9954    0.8585   0.02947   0.04381   0.02751
     55/99     6.79G   0.01661   0.01085  0.001099   0.02857       209       640    0.9934    0.9964    0.9955     0.868   0.02954   0.04372   0.02726
     56/99     6.79G   0.01637   0.01085  0.001094   0.02831       251       640    0.9893    0.9961    0.9954    0.8735   0.02965   0.04374   0.02681
     57/99     6.79G   0.01616   0.01064  0.001098    0.0279       200       640    0.9943    0.9927    0.9955     0.867   0.02925   0.04349   0.02731
     58/99     6.79G    0.0161   0.01053  0.001084   0.02771       241       640    0.9946    0.9958    0.9956    0.8736   0.02915    0.0446   0.02785
     59/99     6.79G   0.01594    0.0106  0.001037   0.02757       200       640    0.9931    0.9973    0.9955    0.8719   0.02888   0.04419   0.02718
     60/99     6.79G   0.01588   0.01047 0.0009774   0.02732       179       640    0.9938    0.9957    0.9955    0.8744   0.02904   0.04494   0.02712
     61/99     6.79G   0.01554    0.0103 0.0009925   0.02683       186       640    0.9916    0.9947    0.9953     0.879   0.02881   0.04454   0.02808
     62/99     6.79G   0.01534   0.01019 0.0009231   0.02646       185       640    0.9961    0.9947    0.9955    0.8772   0.02882   0.04517    0.0274
     63/99     6.79G   0.01525   0.01031 0.0009234   0.02648       198       640     0.994    0.9956    0.9956     0.879   0.02857   0.04447   0.02761
     64/99     6.79G   0.01509   0.01023 0.0009123   0.02623       246       640    0.9945    0.9968    0.9956    0.8766   0.02858   0.04504   0.02742
     65/99     6.79G   0.01498   0.01032 0.0009183   0.02621       204       640    0.9938     0.995    0.9955    0.8848   0.02853   0.04444   0.02772
     66/99     6.79G    0.0147   0.01004 0.0008729   0.02561       239       640    0.9949    0.9947    0.9956    0.8831   0.02856   0.04482   0.02796
     67/99     6.79G   0.01466   0.01013 0.0008283   0.02562       238       640    0.9944     0.997    0.9955    0.8856   0.02841    0.0449   0.02875
     68/99     6.79G   0.01455  0.009911 0.0008778   0.02534       233       640    0.9929    0.9976    0.9956    0.8864   0.02836   0.04515   0.02855
     69/99     6.79G   0.01451  0.009974 0.0008671   0.02535       251       640    0.9923    0.9974    0.9956     0.889   0.02823   0.04516   0.02867
     70/99     6.79G   0.01432  0.009898 0.0008054   0.02503       226       640     0.993    0.9964    0.9956    0.8891    0.0282   0.04526   0.02864
     71/99     6.79G   0.01422  0.009683  0.000758   0.02466       227       640    0.9941    0.9969    0.9956    0.8902   0.02831   0.04575   0.02911
     72/99     6.79G   0.01418  0.009767 0.0007522    0.0247       212       640    0.9949    0.9949    0.9956     0.891   0.02817   0.04548   0.02891
     73/99     6.79G   0.01399  0.009663 0.0007396    0.0244       222       640    0.9959    0.9944    0.9956    0.8913   0.02814   0.04623   0.02896
     74/99     6.79G   0.01379  0.009496 0.0007278   0.02402       177       640    0.9936    0.9967    0.9956    0.8898   0.02811   0.04629    0.0291
     75/99     6.79G    0.0139  0.009704 0.0007551   0.02436       243       640    0.9961    0.9931    0.9956    0.8932   0.02793   0.04669    0.0292
     76/99     6.79G   0.01368  0.009552 0.0007251   0.02396       194       640    0.9929    0.9964    0.9957     0.896   0.02791   0.04655   0.02935
     77/99     6.79G   0.01372  0.009582 0.0007071   0.02401       219       640    0.9945    0.9967    0.9957     0.891   0.02786   0.04673   0.02931
     78/99     6.79G    0.0135  0.009509 0.0007136   0.02373       237       640    0.9956    0.9943    0.9957    0.8965   0.02783   0.04684   0.02971
     79/99     6.79G   0.01349  0.009476 0.0006641   0.02363       250       640    0.9952    0.9953    0.9957    0.8976   0.02789   0.04705   0.03004
     80/99     6.79G   0.01337   0.00946 0.0007039   0.02353       186       640    0.9959    0.9947    0.9958    0.8951   0.02779   0.04708   0.03015
     81/99     6.79G   0.01349  0.009388 0.0007004   0.02358       246       640    0.9952    0.9958    0.9958    0.8938   0.02774   0.04717   0.03019
     82/99     6.79G   0.01331  0.009359 0.0006942   0.02337       221       640    0.9945    0.9966    0.9958    0.8971   0.02765   0.04701   0.03002
     83/99     6.79G   0.01318  0.009343 0.0006574   0.02318       214       640    0.9947    0.9967    0.9958    0.8979   0.02754   0.04716   0.03013
     84/99     6.79G   0.01312  0.009297 0.0006283   0.02304       216       640    0.9934    0.9966    0.9958    0.8965   0.02763   0.04737   0.03026
     85/99     6.79G   0.01319  0.009303 0.0006667   0.02316       217       640    0.9959    0.9949    0.9958    0.8981   0.02755   0.04765   0.03042
     86/99     6.79G   0.01322  0.009296 0.0006379   0.02315       214       640    0.9948    0.9967    0.9959    0.8998   0.02761   0.04747   0.03051
     87/99     6.79G   0.01307  0.009201 0.0006571   0.02293       204       640    0.9939    0.9967    0.9959    0.9018   0.02744   0.04747   0.03075
     88/99     6.79G   0.01315  0.009278  0.000689   0.02311       188       640    0.9953    0.9958    0.9959    0.9023   0.02741   0.04764   0.03074
     89/99     6.79G   0.01302  0.009174 0.0006563   0.02285       213       640    0.9947    0.9972    0.9959    0.9019   0.02743   0.04758    0.0308
     90/99     6.79G   0.01285  0.009021 0.0006119   0.02248       192       640    0.9937    0.9972    0.9959    0.9009   0.02743   0.04749   0.03097
     91/99     6.79G    0.0129  0.009037 0.0006462   0.02258       201       640    0.9937    0.9972    0.9959    0.9036   0.02737    0.0476   0.03096
     92/99     6.79G   0.01297  0.009102  0.000651   0.02272       161       640    0.9933    0.9971    0.9959    0.9039   0.02739   0.04785   0.03102
     93/99     6.79G   0.01279  0.009162 0.0006126   0.02257       194       640    0.9929    0.9973    0.9959    0.9036   0.02741   0.04797   0.03108
     94/99     6.79G   0.01284  0.008928 0.0006429   0.02241       205       640    0.9952     0.995    0.9959    0.9037   0.02741   0.04803   0.03123
     95/99     6.79G   0.01288  0.009088 0.0006346    0.0226       236       640    0.9955    0.9951    0.9959    0.9052   0.02737   0.04794   0.03134
     96/99     6.79G   0.01284  0.009136 0.0006372   0.02261       219       640    0.9935    0.9974    0.9959    0.9048    0.0274   0.04797   0.03135
     97/99     6.79G   0.01276  0.009098 0.0006107   0.02247       194       640    0.9934    0.9972    0.9959    0.9038   0.02738   0.04796   0.03135
     98/99     6.79G   0.01273  0.009077 0.0006132   0.02242       256       640    0.9939    0.9971     0.996     0.903   0.02734    0.0479   0.03132
     99/99     6.79G   0.01269   0.00903 0.0006012   0.02232       213       640    0.9933     0.997     0.996    0.9044   0.02733   0.04794   0.03144
