      0/99    0.749G   0.05658  0.003035  0.005872   0.06549        92       640    0.1055    0.1736    0.1564   0.06272   0.04891  0.003489  0.009217
      1/99     5.16G   0.03808  0.003156  0.003109   0.04434       122       640      0.24    0.4918    0.2911     0.175   0.03374  0.003261  0.006635
      2/99     6.09G   0.03555  0.003252  0.002939   0.04174        93       640    0.3177    0.5104    0.2964    0.1768    0.0384   0.00313  0.005792
      3/99     6.09G   0.03212  0.003065  0.002669   0.03785       103       640    0.2936    0.5892    0.4377    0.3084   0.03046  0.003019  0.004864
      4/99     6.09G   0.02939  0.002951  0.002426   0.03477        74       640    0.4117    0.5714     0.502    0.3358   0.03003  0.002846  0.004283
      5/99     6.09G   0.02758  0.002852  0.002269    0.0327        82       640    0.4949    0.6522    0.4974    0.3441   0.02848  0.002769  0.003898
      6/99     6.09G   0.02598  0.002799  0.002028   0.03081        72       640    0.6003    0.6497    0.6543    0.4842   0.02468  0.002803  0.003487
      7/99     6.09G   0.02512  0.002778  0.001857   0.02975       109       640    0.6806    0.6638    0.6872     0.544   0.02308  0.002741  0.003263
      8/99     6.09G   0.02455  0.002763  0.001741   0.02906        81       640    0.7205    0.6752    0.7123    0.5705    0.0224  0.002775  0.003095
      9/99     6.09G   0.02384   0.00273  0.001599   0.02817        78       640    0.5606    0.7607    0.7333    0.5865   0.02281  0.002728  0.003033
     10/99     6.09G    0.0236  0.002722  0.001487   0.02781       114       640    0.5777    0.8619    0.7591    0.6169    0.0214  0.002734  0.002898
     11/99     6.09G   0.02305  0.002683  0.001457   0.02719        60       640    0.6758    0.7189    0.7595      0.63   0.02054  0.002782  0.002819
     12/99     6.09G   0.02347  0.002693  0.001369   0.02753        76       640    0.6208    0.8103     0.766    0.6212   0.02097  0.002798  0.002576
     13/99     6.09G   0.02291  0.002631  0.001297   0.02684        87       640    0.5998    0.9019      0.78    0.6487   0.02085  0.002737  0.002528
     14/99     6.09G    0.0228  0.002633  0.001273    0.0267        85       640    0.6103    0.9096    0.7958    0.6724   0.01994  0.002813  0.002465
     15/99     6.09G   0.02257   0.00258  0.001168   0.02632        72       640    0.7139    0.8282      0.82    0.6905   0.01997  0.002784   0.00239
     16/99     6.09G   0.02235  0.002576  0.001144   0.02607        75       640    0.6166    0.9246    0.8232    0.6947   0.01939  0.002756  0.002412
     17/99     6.09G   0.02203  0.002565  0.001068   0.02566        75       640    0.6851    0.9188    0.8105    0.6971   0.01915   0.00286  0.002211
     18/99     6.09G   0.02189  0.002574  0.001038    0.0255       120       640    0.8527    0.8232     0.863    0.7275   0.01909  0.002864   0.00211
     19/99      6.1G   0.02184   0.00252 0.0009921   0.02535        99       640    0.6713     0.915    0.8461    0.7179   0.01925  0.002781  0.002093
     20/99      6.1G   0.02163  0.002515 0.0009537   0.02509        74       640    0.7211    0.8407    0.8467    0.7255    0.0179  0.002821  0.002151
     21/99      6.1G    0.0216  0.002535 0.0009251   0.02506        67       640    0.7026     0.938    0.8507    0.7333   0.01783  0.002798  0.001981
     22/99      6.1G   0.02136  0.002528 0.0009037    0.0248        81       640    0.6921    0.9234    0.8523    0.7297   0.01773  0.002792   0.00195
     23/99      6.1G   0.02116  0.002456 0.0008605   0.02447        73       640    0.9386    0.7714    0.8563    0.7347   0.01759  0.002864  0.001998
     24/99      6.1G   0.02115  0.002487 0.0008517   0.02449        82       640    0.7193    0.9356    0.8501     0.741    0.0176  0.002812  0.001811
     25/99      6.1G   0.02077  0.002464 0.0008361   0.02407        80       640    0.7046    0.9448    0.8622    0.7551   0.01723    0.0028  0.001818
     26/99      6.1G   0.02075  0.002431 0.0007944   0.02397        79       640    0.7228    0.9499    0.8673    0.7512   0.01718  0.002809  0.001787
     27/99      6.1G   0.02061  0.002414 0.0007676   0.02379        91       640    0.6995    0.9654    0.8888    0.7765   0.01738  0.002839  0.001708
     28/99      6.1G   0.02061  0.002436 0.0007535   0.02379        95       640    0.7548    0.9582    0.8966    0.7906   0.01681  0.002824  0.001637
     29/99      6.1G   0.02061  0.002413 0.0007267   0.02375        90       640    0.7059    0.9892    0.8997    0.7992   0.01672  0.002776  0.001692
     30/99      6.1G   0.02037  0.002372 0.0007327   0.02348        97       640    0.7772    0.9156    0.9137    0.8094   0.01668  0.002854  0.001541
     31/99      6.1G   0.02028  0.002366 0.0007097   0.02336        89       640    0.7473    0.9772    0.8946    0.7941   0.01634  0.002884  0.001608
     32/99      6.1G   0.02044  0.002398 0.0006949   0.02353        84       640    0.7726    0.9498    0.9167    0.8094   0.01651  0.002855  0.001452
     33/99      6.1G   0.02028  0.002387 0.0006791   0.02335       101       640    0.8075     0.982    0.9479    0.8444   0.01655    0.0029  0.001451
     34/99      6.1G   0.01995  0.002364 0.0006448   0.02296        77       640    0.8232    0.9662    0.9652    0.8651   0.01629  0.002864  0.001398
     35/99      6.1G   0.01997  0.002332 0.0006357   0.02294        67       640    0.9325    0.9703    0.9869    0.8885   0.01606   0.00284  0.001448
     36/99      6.1G   0.01989  0.002343  0.000622   0.02285        88       640    0.9617    0.9468    0.9875    0.8886   0.01587  0.002866  0.001417
     37/99      6.1G   0.01985  0.002305 0.0006193   0.02278        79       640    0.9833    0.9385    0.9856    0.8782   0.01569  0.002893  0.001345
     38/99      6.1G   0.01968  0.002325 0.0006181   0.02263        89       640    0.8864    0.9737    0.9811    0.8929   0.01531  0.002912  0.001312
     39/99      6.1G   0.01978  0.002323  0.000571   0.02267        89       640    0.9139    0.9888    0.9829    0.8919   0.01558  0.002906  0.001339
     40/99      6.1G   0.01956  0.002309 0.0005967   0.02246       118       640    0.9768    0.9534    0.9824    0.8893   0.01523  0.002907  0.001219
     41/99      6.1G   0.01963  0.002311 0.0005845   0.02253        77       640    0.9782    0.9501    0.9811    0.8893   0.01511  0.002918  0.001223
     42/99      6.1G    0.0194  0.002292 0.0005531   0.02224        93       640    0.9863    0.9518    0.9781    0.8885    0.0154  0.002893  0.001206
     43/99      6.1G   0.01924  0.002278 0.0005717   0.02209        81       640    0.9935    0.9398    0.9799     0.892   0.01533  0.002904  0.001168
     44/99      6.1G   0.01936  0.002279  0.000539   0.02218        76       640    0.9937    0.9355    0.9754    0.8887   0.01499  0.002933   0.00111
     45/99      6.1G   0.01912   0.00225 0.0005213    0.0219        88       640    0.9953    0.9386    0.9797    0.8954   0.01489  0.002897  0.001071
     46/99      6.1G   0.01906  0.002255 0.0005104   0.02183        73       640    0.9924    0.9379    0.9798    0.8974   0.01474  0.002893  0.001071
     47/99      6.1G   0.01889  0.002236 0.0005032   0.02163        78       640    0.9878    0.9533    0.9815    0.8989   0.01422  0.002877  0.001044
     48/99      6.1G   0.01882  0.002254 0.0004913   0.02157        81       640    0.9549    0.9847    0.9865    0.9023   0.01463  0.002923  0.001019
     49/99      6.1G    0.0188   0.00224 0.0004891   0.02153        92       640    0.9964    0.9377    0.9839    0.9014    0.0142  0.002911  0.001043
     50/99      6.1G    0.0188   0.00221  0.000478   0.02149        81       640    0.9831     0.953    0.9872    0.9088   0.01455  0.002913  0.001001
     51/99      6.1G   0.01858  0.002202 0.0004638   0.02124        78       640    0.9674    0.9725    0.9863     0.905   0.01431  0.002976  0.001012
     52/99      6.1G   0.01875  0.002205   0.00047   0.02142        85       640      0.99    0.9518    0.9802    0.9018   0.01412  0.002935 0.0009898
     53/99      6.1G   0.01847    0.0022 0.0004635   0.02113       101       640    0.9935    0.9395    0.9811    0.9039   0.01405  0.002888  0.001044
     54/99      6.1G   0.01849  0.002198 0.0004616   0.02115        75       640    0.9846    0.9532    0.9767    0.9027   0.01425  0.002945 0.0009728
     55/99      6.1G   0.01848   0.00219 0.0004378   0.02111       121       640    0.9912    0.9426    0.9775    0.9048   0.01418  0.002927 0.0009851
     56/99      6.1G   0.01839  0.002183 0.0004334     0.021        87       640    0.9837    0.9537    0.9777    0.9028   0.01416  0.002922 0.0009396
     57/99      6.1G    0.0183  0.002159 0.0004383    0.0209        73       640     0.981    0.9537    0.9815    0.9119   0.01377  0.002965 0.0009382
     58/99      6.1G   0.01827  0.002163  0.000427   0.02086        81       640    0.9955    0.9373    0.9845    0.9147   0.01365  0.002983 0.0009274
     59/99      6.1G   0.01807  0.002137 0.0004065   0.02062        65       640    0.9498    0.9875    0.9837    0.9115   0.01375   0.00301 0.0009212
     60/99      6.1G    0.0181   0.00214 0.0004153   0.02066        68       640    0.9771    0.9546    0.9753    0.9066   0.01401  0.002949 0.0008912
     61/99      6.1G   0.01802  0.002144 0.0004247   0.02059        73       640    0.9499    0.9902    0.9853    0.9168   0.01389  0.002948 0.0008822
     62/99      6.1G   0.01792  0.002137 0.0003952   0.02045        74       640    0.9593    0.9878    0.9886    0.9176   0.01375   0.00295 0.0009192
     63/99      6.1G    0.0178  0.002104 0.0003861   0.02029        65       640    0.9589    0.9774    0.9861    0.9156    0.0137  0.002952 0.0008714
     64/99      6.1G    0.0179    0.0021 0.0003901   0.02039        79       640    0.9512    0.9869    0.9832    0.9168   0.01362  0.002931 0.0008538
     65/99      6.1G   0.01759  0.002099 0.0003705   0.02006        82       640    0.9834    0.9795    0.9897    0.9228   0.01358  0.002936 0.0008535
     66/99      6.1G   0.01758  0.002112 0.0003745   0.02007        67       640    0.9585    0.9864    0.9876    0.9196   0.01366  0.002917 0.0008232
     67/99      6.1G    0.0176    0.0021 0.0003846   0.02009        64       640    0.9594    0.9859    0.9868    0.9196   0.01332  0.002984 0.0008411
     68/99      6.1G   0.01749  0.002067 0.0003572   0.01991        70       640    0.9648    0.9882    0.9849    0.9214   0.01321   0.00299 0.0008239
     69/99      6.1G   0.01763  0.002093 0.0003682   0.02009        85       640    0.9523    0.9877    0.9858    0.9222   0.01348  0.002962 0.0008102
     70/99      6.1G   0.01734  0.002064  0.000364   0.01976       107       640    0.9493    0.9908    0.9861    0.9207   0.01364  0.002917 0.0008231
     71/99      6.1G   0.01739  0.002056  0.000357   0.01981        87       640    0.9512    0.9891    0.9843    0.9236   0.01348  0.002951  0.000806
     72/99      6.1G   0.01729  0.002012 0.0003421   0.01965        95       640    0.9937    0.9515    0.9851    0.9211   0.01359  0.002943 0.0007952
     73/99      6.1G   0.01725  0.002062 0.0003562   0.01967       103       640    0.9929    0.9529    0.9821    0.9179   0.01342  0.002926 0.0007943
     74/99      6.1G    0.0171  0.002035 0.0003428   0.01948        75       640    0.9654    0.9762    0.9862    0.9231   0.01329  0.002952 0.0007862
     75/99      6.1G    0.0171  0.002048 0.0003255   0.01948        98       640    0.9684    0.9755    0.9869    0.9239   0.01332  0.002985 0.0007828
     76/99      6.1G   0.01693  0.002011 0.0003275   0.01927        86       640    0.9943     0.951    0.9868    0.9255   0.01324  0.002952 0.0007605
     77/99      6.1G   0.01694  0.002036 0.0003249    0.0193       104       640    0.9937    0.9516    0.9847    0.9234   0.01315   0.00294 0.0007549
     78/99      6.1G   0.01687  0.002014 0.0003031   0.01919        81       640    0.9928    0.9521    0.9853    0.9229   0.01326  0.002923 0.0007531
     79/99      6.1G   0.01694   0.00198 0.0003028   0.01922        77       640    0.9935    0.9523    0.9831    0.9214   0.01318  0.002947 0.0007458
     80/99      6.1G   0.01692  0.001992 0.0003123   0.01922        83       640    0.9946    0.9514     0.984    0.9225   0.01311  0.002941 0.0007343
     81/99      6.1G   0.01676  0.001969 0.0003128   0.01904        71       640    0.9938    0.9524    0.9842    0.9235   0.01318  0.002918 0.0007297
     82/99      6.1G   0.01672  0.001979 0.0002944   0.01899       120       640    0.9937    0.9522     0.984    0.9238   0.01303  0.002913 0.0007119
     83/99      6.1G   0.01666  0.001981 0.0003123   0.01895        58       640    0.9939    0.9525    0.9832    0.9222   0.01301  0.002913 0.0007088
     84/99      6.1G   0.01673  0.001982 0.0003002   0.01902        73       640    0.9945    0.9523    0.9839    0.9228   0.01297   0.00289 0.0007002
     85/99      6.1G   0.01674  0.002029 0.0003029   0.01907       102       640    0.9568    0.9888    0.9848    0.9253    0.0128  0.002857  0.000687
     86/99      6.1G   0.01662  0.001978 0.0002906   0.01889        77       640    0.9587    0.9891     0.985    0.9248   0.01271  0.002833 0.0006818
     87/99      6.1G   0.01668  0.001966 0.0002819   0.01893        58       640    0.9603    0.9893    0.9847    0.9252   0.01276  0.002836 0.0006831
     88/99      6.1G   0.01666  0.001992 0.0002825   0.01894        75       640    0.9617    0.9894    0.9845    0.9246   0.01275  0.002827 0.0006779
     89/99      6.1G   0.01664  0.002012 0.0002876   0.01894        80       640    0.9618    0.9889    0.9845    0.9247   0.01266  0.002813  0.000672
     90/99      6.1G   0.01651  0.001992 0.0002765   0.01878       103       640    0.9612    0.9886    0.9844    0.9261   0.01265  0.002796 0.0006632
     91/99      6.1G   0.01663  0.001957 0.0002854   0.01887        70       640    0.9577    0.9888    0.9848    0.9266   0.01264  0.002771 0.0006569
     92/99      6.1G   0.01657  0.001964 0.0002768   0.01881        62       640    0.9566    0.9896    0.9851    0.9265    0.0126  0.002757 0.0006496
     93/99      6.1G   0.01663  0.001972 0.0002724   0.01888        66       640    0.9562    0.9897    0.9851    0.9265   0.01254  0.002734 0.0006408
     94/99      6.1G    0.0167  0.001976 0.0002762   0.01895        89       640    0.9559    0.9895     0.985    0.9269   0.01252  0.002706 0.0006326
     95/99      6.1G   0.01669  0.001976 0.0002731   0.01894        74       640    0.9558    0.9898    0.9851    0.9275   0.01248  0.002687 0.0006273
     96/99      6.1G   0.01653  0.001962 0.0002678   0.01876       109       640    0.9554    0.9899    0.9848    0.9272   0.01245  0.002676  0.000622
     97/99      6.1G   0.01672  0.001982 0.0002583   0.01896        85       640    0.9554    0.9885    0.9846    0.9274   0.01241   0.00267 0.0006174
     98/99      6.1G   0.01663  0.001958 0.0002643   0.01886        88       640    0.9558     0.988    0.9846     0.927    0.0124  0.002664 0.0006133
     99/99      6.1G   0.01662  0.001935  0.000262   0.01881        66       640    0.9559    0.9878    0.9846    0.9271   0.01239  0.002664 0.0006102
