      0/49     0.35G   0.06466  0.003708   0.05211    0.1205         8       640    0.0631       0.2   0.07168   0.02605   0.06972  0.003926   0.06066
      1/49      1.5G   0.06584  0.003756   0.05075    0.1203         8       640   0.07113     0.225   0.07961   0.03324   0.06709  0.003994   0.05796
      2/49     1.73G   0.06279   0.00367   0.04483    0.1113        11       640   0.08242      0.25   0.09143   0.03331   0.06606  0.004009   0.05472
      3/49     1.74G   0.06762  0.003429   0.04281    0.1139         6       640   0.08318      0.25   0.09162   0.03961   0.06745  0.003923   0.05209
      4/49     1.74G    0.0636  0.003477   0.03977    0.1068        16       640    0.1313       0.1   0.08297   0.03729   0.06741  0.003859   0.04888
      5/49     1.74G   0.06342  0.003063   0.03165   0.09814         6       640     0.125       0.1   0.08594     0.038   0.06733  0.003799   0.04609
      6/49     1.74G   0.06583  0.003338   0.03561    0.1048        14       640    0.1093    0.1136   0.09078   0.04241   0.06679  0.003772   0.04301
      7/49     1.74G   0.06714   0.00302   0.02887   0.09904         6       640    0.1367    0.1495    0.1379   0.05062   0.06651  0.003757   0.04119
      8/49     1.74G   0.06656  0.003265    0.0281   0.09792         8       640     0.081      0.25    0.1015   0.04278   0.06617  0.003766   0.03915
      9/49     1.74G   0.06501  0.003235    0.0278   0.09604        12       640    0.1417       0.1   0.09993   0.04677   0.06554  0.003751   0.03601
     10/49     1.74G   0.06461  0.003058   0.02755   0.09521         2       640    0.1434       0.1    0.1014   0.04931   0.06506   0.00375   0.03421
     11/49     1.74G   0.06071  0.002941   0.02348   0.08713         5       640    0.1753     0.125    0.1413   0.05758   0.06475  0.003723   0.03235
     12/49     1.74G    0.0638  0.003467   0.02535   0.09261        14       640    0.1397     0.125    0.1013   0.05371   0.06492    0.0037    0.0303
     13/49     1.74G   0.06586   0.00278   0.02363   0.09227        14       640    0.1663      0.15    0.1418   0.06071   0.06505   0.00372   0.02872
     14/49     1.74G    0.0654  0.003119   0.02308    0.0916         9       640    0.1571       0.1    0.1011   0.04973   0.06465  0.003738   0.02705
     15/49     1.74G     0.064  0.003227   0.02055   0.08778         9       640    0.1552       0.1    0.1011   0.05638   0.06424  0.003784   0.02607
     16/49     1.74G   0.05839  0.002936   0.01854   0.07987         5       640    0.2054    0.1737    0.1422   0.06188    0.0635  0.003837   0.02476
     17/49     1.74G   0.06268  0.002901   0.02214   0.08772        10       640     0.203     0.175    0.1439   0.06013   0.06326  0.003814   0.02342
     18/49     1.74G   0.06128  0.003133   0.01866   0.08307        13       640    0.1688      0.15    0.1042   0.05019   0.06301  0.003808   0.02223
     19/49     1.74G   0.06461  0.003049   0.01651   0.08418         6       640    0.1616     0.125    0.1033   0.05675   0.06293  0.003823   0.02159
     20/49     1.74G    0.0632  0.003248   0.01736    0.0838         9       640    0.1746    0.1205    0.1032    0.0542   0.06305  0.003831   0.02046
     21/49     1.74G   0.05855  0.003497   0.01641   0.07846         9       640    0.2147    0.1491    0.1414   0.06056    0.0625  0.003855   0.01913
     22/49     1.74G   0.06151  0.003005   0.01728   0.08179        12       640    0.2075      0.15    0.1425     0.063   0.06207  0.003881   0.01836
     23/49     1.74G   0.06293  0.003402    0.0182   0.08453        15       640    0.2066      0.15     0.144   0.06082   0.06258  0.003832   0.01778
     24/49     1.74G   0.06281   0.00297   0.01556   0.08134         7       640    0.2015      0.15    0.1469   0.06558   0.06221  0.003826   0.01706
     25/49     1.74G   0.06516  0.003243   0.01608   0.08447        13       640    0.2137    0.1456    0.1426   0.05766   0.06262   0.00376   0.01664
     26/49     1.74G   0.06201  0.003129   0.01449   0.07963         5       640    0.2246     0.175    0.1492   0.06593   0.06246  0.003782   0.01606
     27/49     1.74G   0.06522  0.002938    0.0164   0.08456        12       640    0.2206     0.175    0.1488   0.06996   0.06225  0.003803   0.01574
     28/49     1.74G   0.06285  0.003075   0.01703   0.08296         6       640    0.2067      0.15    0.1438   0.06539   0.06224   0.00383   0.01548
     29/49     1.74G   0.06511  0.003264   0.01644   0.08482        10       640    0.2204      0.15    0.1439   0.05977   0.06185  0.003848   0.01501
     30/49     1.74G   0.06235   0.00329   0.01535   0.08099         8       640    0.2177      0.15    0.1438   0.06899   0.06158  0.003865   0.01421
     31/49     1.74G   0.06253   0.00301    0.0151   0.08063        10       640    0.2252     0.175    0.1461   0.06992    0.0611  0.003892   0.01368
     32/49     1.74G   0.06523  0.002852   0.01396   0.08204        14       640    0.2224    0.1456     0.144   0.06231   0.06099  0.003899   0.01334
     33/49     1.74G   0.06056  0.003163   0.01339   0.07711         7       640    0.2269      0.15     0.144   0.06112   0.06127   0.00386    0.0131
     34/49     1.74G    0.0625  0.003314   0.01473   0.08054        11       640    0.2247      0.15     0.144   0.06113   0.06124  0.003847   0.01287
     35/49     1.74G   0.06273  0.003133   0.01418   0.08005        10       640    0.1852     0.125    0.1033   0.05233   0.06108  0.003864   0.01265
     36/49     1.74G   0.06274  0.002817   0.01393   0.07949         6       640    0.2217      0.15    0.1441   0.06198   0.06098  0.003883   0.01261
     37/49     1.74G   0.06353  0.003702   0.01399   0.08123        12       640    0.2176      0.15    0.1441   0.06425   0.06181  0.003848    0.0126
     38/49     1.74G   0.06184  0.003247   0.01279   0.07787         7       640    0.2163      0.15    0.1454   0.06438   0.06155  0.003854    0.0125
     39/49     1.74G   0.06137   0.00278   0.01336    0.0775         5       640     0.215      0.15    0.1441   0.06262   0.06089  0.003895   0.01215
     40/49     1.74G   0.06173  0.003031   0.01299   0.07775        11       640    0.2297      0.15     0.144    0.0706    0.0612  0.003873   0.01205
     41/49     1.74G   0.06047   0.00308   0.01249   0.07604         4       640    0.2274      0.15     0.144   0.06056   0.06107  0.003888   0.01198
     42/49     1.74G   0.06117  0.003122   0.01351   0.07781        11       640    0.2199      0.15    0.1455   0.05907   0.06085  0.003893   0.01163
     43/49     1.74G   0.06271  0.002959   0.01339   0.07906         4       640    0.2341     0.175    0.1491   0.07029   0.06047  0.003914   0.01145
     44/49     1.74G   0.06078  0.003439   0.01277   0.07699        11       640     0.181     0.175    0.1466   0.07004    0.0607   0.00391   0.01139
     45/49     1.74G   0.06273  0.003182   0.01376   0.07968        11       640    0.4317      0.15     0.144   0.06978   0.06076  0.003904   0.01136
     46/49     1.74G   0.06249  0.003518    0.0143    0.0803        17       640    0.4324    0.1442    0.1455   0.07116   0.06129  0.003879   0.01149
     47/49     1.74G   0.05898  0.003295   0.01243    0.0747         5       640    0.4286      0.15    0.1503   0.07194   0.06149  0.003873   0.01146
     48/49     1.74G   0.06108   0.00304   0.01229   0.07641        11       640    0.4498     0.182    0.1508   0.07124    0.0612    0.0039   0.01118
     49/49     1.74G   0.06276  0.003011   0.01205   0.07783        13       640    0.4401     0.175    0.1475   0.06275   0.06129  0.003887   0.01125
