      0/99    0.942G   0.01675 0.0007483 6.877e-05   0.01757       100       640    0.9902    0.9877    0.9939    0.9045   0.01586  0.002366  5.07e-05
      1/99     3.06G   0.01647 0.0006809 8.278e-05   0.01723       112       640    0.9904     0.988    0.9939    0.8718   0.01678  0.002386 5.068e-05
      2/99     3.47G   0.01755 0.0007872  0.000178   0.01852        89       640      0.99    0.9883    0.9926    0.8759   0.01642  0.002396 5.102e-05
      3/99     3.47G   0.01707 0.0007269 0.0001943     0.018       108       640      0.99    0.9885    0.9915    0.9095   0.01576  0.002414 5.117e-05
      4/99     3.47G    0.0167 0.0007433 8.777e-05   0.01753       111       640    0.9895    0.9891    0.9926    0.8931   0.01643  0.002425 5.122e-05
      5/99     3.47G   0.01716 0.0007407 6.703e-05   0.01797       116       640     0.989    0.9894    0.9915    0.8754   0.01673  0.002457 5.133e-05
      6/99     3.47G   0.01678 0.0006573 0.0001344   0.01757       116       640    0.9886    0.9895    0.9954    0.8622   0.01755  0.002445 5.137e-05
      7/99     3.47G   0.01676 0.0006562 0.0001137   0.01753       102       640    0.9887    0.9895    0.9915     0.907   0.01603  0.002484 5.148e-05
      8/99     3.47G   0.01629 0.0006039 3.675e-05   0.01693        98       640    0.9886    0.9896    0.9924    0.8883   0.01716  0.002456 5.163e-05
      9/99     3.47G    0.0159 0.0006137 4.997e-05   0.01656       112       640    0.9884    0.9897    0.9915    0.9068   0.01593  0.002502  5.17e-05
     10/99     3.47G    0.0161 0.0006487 0.0001153   0.01686       108       640    0.9877    0.9902    0.9954    0.8772   0.01735  0.002485 5.163e-05
     11/99     3.47G   0.01789 0.0007683   0.00014    0.0188       104       640    0.9877    0.9901    0.9925    0.9135   0.01588  0.002515 5.175e-05
     12/99     3.47G   0.01622 0.0007039 0.0001268   0.01706        83       640    0.9872    0.9903    0.9925     0.881   0.01692  0.002493 5.179e-05
     13/99     3.47G   0.01649 0.0006901 3.658e-05   0.01722       114       640     0.987    0.9905    0.9915    0.9048   0.01592  0.002532 5.171e-05
     14/99     3.47G    0.0161 0.0006441 0.0001846   0.01693       115       640    0.9871    0.9904    0.9925    0.8961   0.01635  0.002526 5.194e-05
     15/99     3.47G   0.01676 0.0006121 0.0002821   0.01765        94       640    0.9875    0.9904    0.9914    0.9051   0.01622  0.002532 5.197e-05
     16/99     3.47G   0.01607 0.0006235 8.879e-05   0.01678       127       640    0.9873    0.9905    0.9936    0.8925   0.01627   0.00253 5.197e-05
     17/99     3.47G   0.01671 0.0006654 0.0001462   0.01753       112       640     0.987    0.9905    0.9914      0.91   0.01573  0.002537  5.17e-05
     18/99     3.47G   0.01592 0.0006199 7.781e-05   0.01662       120       640    0.9872    0.9904    0.9924    0.9008   0.01627  0.002536 5.192e-05
     19/99     3.47G    0.0174 0.0006354 5.566e-05   0.01809       101       640    0.9872    0.9905    0.9924    0.9058   0.01601  0.002541   5.2e-05
     20/99     3.47G   0.01603 0.0006297 7.813e-05   0.01674        90       640    0.9868    0.9905    0.9924    0.9031   0.01613  0.002548 5.217e-05
     21/99     3.47G   0.01656 0.0006874 0.0002056   0.01746       107       640    0.9867    0.9902    0.9924    0.9081   0.01578  0.002561 5.207e-05
     22/99     3.47G   0.01525 0.0006417 0.0001355   0.01603       108       640    0.9876    0.9892    0.9923    0.8948    0.0164  0.002556  5.22e-05
     23/99     3.47G   0.01647 0.0005812 2.023e-05   0.01708       106       640    0.9881    0.9886    0.9924    0.8991   0.01622  0.002565 5.224e-05
     24/99     3.47G     0.016 0.0006068 0.0002076   0.01681       112       640    0.9885    0.9881    0.9915    0.9016   0.01648  0.002546 5.222e-05
     25/99     3.47G    0.0158 0.0006732 0.0001292    0.0166       128       640    0.9886    0.9884    0.9924    0.8916   0.01643  0.002555 5.206e-05
     26/99     3.47G   0.01676 0.0006168 8.111e-05   0.01746        93       640    0.9884    0.9885    0.9924    0.8918   0.01673  0.002535 5.226e-05
     27/99     3.47G   0.01605 0.0006265  5.05e-05   0.01672       100       640    0.9882    0.9883    0.9923    0.9028   0.01603  0.002557 5.239e-05
     28/99     3.47G   0.01465 0.0005361 5.264e-05   0.01524        96       640    0.9885    0.9882    0.9924     0.906   0.01612  0.002552 5.243e-05
     29/99     3.47G   0.01553  0.000564 9.367e-05   0.01619       101       640    0.9883    0.9881    0.9923    0.9069   0.01607  0.002555 5.247e-05
     30/99     3.47G   0.01558 0.0005904 3.721e-05   0.01621       106       640    0.9884    0.9882    0.9923    0.9022   0.01616  0.002552  5.27e-05
     31/99     3.47G   0.01541 0.0006653 0.0001377   0.01621        89       640    0.9884     0.988    0.9924    0.8966   0.01647  0.002546 5.268e-05
     32/99     3.47G   0.01482 0.0006006  0.000132   0.01555       113       640    0.9887    0.9877    0.9925    0.9061   0.01613  0.002546 5.224e-05
     33/99     3.47G   0.01614 0.0006397 9.509e-05   0.01687       103       640    0.9884    0.9879    0.9925    0.9057   0.01591  0.002551 5.236e-05
     34/99     3.47G   0.01504 0.0005882 4.586e-05   0.01568       114       640    0.9883    0.9878    0.9925    0.9055   0.01595  0.002558 5.252e-05
     35/99     3.47G   0.01537   0.00059 5.944e-05   0.01602        83       640    0.9881    0.9879    0.9925     0.915   0.01572  0.002559 5.257e-05
     36/99     3.47G   0.01579 0.0006382 6.603e-05    0.0165       111       640     0.988    0.9881    0.9936    0.9082    0.0162  0.002547 5.258e-05
     37/99     3.47G   0.01508 0.0006632 7.214e-05   0.01582        92       640    0.9884    0.9879    0.9925    0.9075   0.01601  0.002546 5.279e-05
     38/99     3.47G   0.01609 0.0006263 4.043e-05   0.01675       117       640     0.988    0.9885    0.9925    0.9093   0.01593  0.002544 5.278e-05
     39/99     3.47G   0.01549 0.0006635 0.0001457    0.0163       100       640    0.9878    0.9886    0.9925    0.9127   0.01583  0.002545 5.288e-05
     40/99     3.47G   0.01618 0.0006326 0.0001987   0.01701       132       640    0.9875    0.9887    0.9925    0.9106   0.01584  0.002548 5.285e-05
     41/99     3.47G   0.01492  0.000631 9.995e-05   0.01565        85       640    0.9876    0.9886    0.9925    0.9012   0.01591  0.002544 5.295e-05
     42/99     3.47G   0.01488 0.0005877 0.0002184   0.01569       104       640    0.9874    0.9886    0.9925    0.9077   0.01622  0.002534 5.301e-05
     43/99     3.47G   0.01623 0.0006725 0.0002181   0.01712       120       640    0.9876    0.9881    0.9925    0.9111   0.01578  0.002541 5.317e-05
     44/99     3.47G    0.0152 0.0005807 0.0002459   0.01603        83       640    0.9878    0.9877    0.9925    0.9125   0.01594  0.002534 5.321e-05
     45/99     3.47G   0.01602 0.0006462 8.995e-05   0.01676       100       640    0.9879    0.9877    0.9936    0.9089   0.01593  0.002535 5.312e-05
     46/99     3.47G   0.01659 0.0006316 7.229e-05   0.01729       117       640    0.9875     0.988    0.9935    0.9141   0.01578  0.002539  5.32e-05
     47/99     3.47G   0.01468 0.0005646 0.0001432   0.01539       100       640    0.9877    0.9877    0.9937    0.9103     0.016  0.002532 5.305e-05
     48/99     3.47G   0.01463 0.0005477 6.326e-05   0.01524        98       640    0.9878     0.988    0.9936    0.9179   0.01591  0.002532 5.322e-05
     49/99     3.47G   0.01598 0.0006001 6.036e-05   0.01664       139       640    0.9875     0.988    0.9936    0.9079   0.01597  0.002524 5.317e-05
     50/99     3.47G   0.01504 0.0005201 5.466e-05   0.01561       133       640    0.9877    0.9881    0.9936    0.9153   0.01578  0.002528 5.307e-05
     51/99     3.47G   0.01521 0.0006397 0.0001012   0.01595       104       640    0.9878    0.9881    0.9937    0.9122   0.01571  0.002524 5.323e-05
     52/99     3.47G   0.01507 0.0006358 3.685e-05   0.01575       141       640    0.9878    0.9881    0.9939    0.9172   0.01577  0.002524  5.32e-05
     53/99     3.47G   0.01561 0.0005432 8.604e-05   0.01624        91       640     0.988     0.988    0.9925    0.9089   0.01598  0.002517 5.339e-05
     54/99     3.47G   0.01627 0.0006259 0.0002645   0.01716        90       640    0.9879    0.9882    0.9937    0.9107   0.01585  0.002517 5.323e-05
     55/99     3.47G   0.01591 0.0006173 6.825e-05    0.0166       106       640    0.9877    0.9885    0.9925    0.8826   0.01691  0.002496 5.313e-05
     56/99     3.47G   0.01657 0.0006531 9.424e-05   0.01732       111       640    0.9875    0.9888    0.9925    0.9037   0.01633  0.002498 5.316e-05
     57/99     3.47G   0.01647 0.0005873 0.0002243   0.01729        97       640    0.9875    0.9887    0.9925    0.9088   0.01642  0.002499  5.32e-05
     58/99     3.47G   0.01648  0.000586 0.0001882   0.01726       120       640    0.9877    0.9884    0.9924    0.9103   0.01609  0.002505 5.345e-05
     59/99     3.47G   0.01692 0.0006511 9.932e-05   0.01767       121       640    0.9878    0.9884    0.9924    0.9095   0.01604  0.002506 5.365e-05
     60/99     3.47G   0.01552 0.0005311 9.688e-05   0.01615        94       640    0.9877    0.9884    0.9925    0.9099   0.01606    0.0025 5.376e-05
     61/99     3.47G   0.01598 0.0006087 9.872e-05   0.01669        98       640     0.988    0.9881    0.9923    0.9036   0.01655  0.002498 5.385e-05
     62/99     3.47G   0.01679  0.000708 0.0002459   0.01775       127       640    0.9877    0.9882    0.9923    0.9019   0.01634  0.002495 5.392e-05
     63/99     3.47G   0.01587 0.0005769 3.428e-05   0.01648       107       640    0.9878    0.9883    0.9939    0.9137    0.0166   0.00248 5.385e-05
     64/99     3.47G   0.01471 0.0005924 2.322e-05   0.01533       124       640    0.9878    0.9883    0.9927    0.9022    0.0161  0.002501 5.381e-05
     65/99     3.47G    0.0168 0.0005915 5.864e-05   0.01745        99       640     0.988    0.9882    0.9926    0.9102   0.01609  0.002501 5.395e-05
     66/99     3.47G   0.01578 0.0005735 4.874e-05    0.0164        94       640    0.9881    0.9882    0.9926    0.9079   0.01588  0.002507 5.391e-05
     67/99     3.47G    0.0158  0.000519 6.962e-06   0.01633        81       640    0.9881    0.9881    0.9925    0.9041   0.01602  0.002507 5.393e-05
     68/99     3.47G   0.01608 0.0005563 0.0001597    0.0168        96       640    0.9882    0.9879    0.9925    0.9138   0.01571  0.002507  5.41e-05
     69/99     3.47G   0.01586 0.0005482 0.0001383   0.01655        85       640    0.9882    0.9879    0.9925    0.8988   0.01602  0.002501 5.397e-05
     70/99     3.47G   0.01548 0.0005724 0.0001128   0.01617       115       640     0.988    0.9878    0.9925    0.9151   0.01589  0.002501 5.406e-05
     71/99     3.47G   0.01552 0.0006254 0.0001033   0.01625       105       640    0.9881    0.9878    0.9925    0.9116    0.0158  0.002496 5.403e-05
     72/99     3.47G   0.01534 0.0005806 8.171e-05   0.01601       100       640    0.9878    0.9879    0.9925    0.8906   0.01635  0.002483 5.416e-05
     73/99     3.47G   0.01587 0.0005667 9.186e-05   0.01653        98       640    0.9882    0.9877    0.9926    0.9083   0.01612  0.002479 5.426e-05
     74/99     3.47G   0.01495  0.000581 2.315e-05   0.01555       128       640    0.9883    0.9877    0.9925    0.9065   0.01604  0.002476 5.422e-05
     75/99     3.47G   0.01589 0.0006401 0.0001003   0.01663        97       640    0.9883    0.9876    0.9925    0.9117   0.01607  0.002474 5.421e-05
     76/99     3.47G   0.01562 0.0005661  0.000183   0.01637        93       640    0.9875    0.9883    0.9926    0.9112     0.016  0.002472 5.426e-05
     77/99     3.47G   0.01559 0.0005754 9.131e-05   0.01626        91       640    0.9876    0.9883    0.9926    0.9106   0.01609  0.002472 5.418e-05
     78/99     3.47G    0.0149 0.0006221 0.0001898   0.01571       111       640    0.9875    0.9882    0.9925    0.9118   0.01578  0.002479 5.437e-05
     79/99     3.47G   0.01502 0.0005677 7.331e-05   0.01566       114       640    0.9875    0.9881    0.9925    0.9067   0.01593  0.002477 5.437e-05
     80/99     3.47G   0.01527 0.0006028 0.0001088   0.01598        99       640    0.9876     0.988    0.9926    0.9161   0.01578  0.002482 5.447e-05
     81/99     3.47G   0.01611 0.0006865 0.0002315   0.01702       131       640    0.9876    0.9881    0.9925     0.915   0.01586  0.002478 5.459e-05
     82/99     3.47G   0.01574 0.0006112 5.219e-05    0.0164       102       640    0.9871    0.9886    0.9926    0.9145   0.01573  0.002477  5.45e-05
     83/99     3.47G   0.01528 0.0006798 0.0001222   0.01609       103       640    0.9874    0.9885    0.9926    0.9164   0.01573  0.002472 5.459e-05
     84/99     3.47G   0.01556  0.000684 7.009e-05   0.01631        99       640    0.9875    0.9884    0.9926    0.9165   0.01568  0.002478 5.464e-05
     85/99     3.47G   0.01496 0.0005401 7.891e-05   0.01558        89       640    0.9876    0.9884    0.9926    0.9132   0.01584  0.002471 5.462e-05
     86/99     3.47G   0.01476 0.0005818 2.513e-05   0.01537       106       640    0.9876    0.9883    0.9926    0.9102   0.01587  0.002472 5.457e-05
     87/99     3.47G   0.01449 0.0005283 0.0001141   0.01513        89       640    0.9877    0.9882    0.9925    0.9102   0.01586  0.002471 5.459e-05
     88/99     3.47G   0.01416 0.0005291 5.516e-05   0.01474       113       640    0.9879    0.9881    0.9925    0.9143    0.0159  0.002465 5.453e-05
     89/99     3.47G   0.01578 0.0006349 6.613e-05   0.01648        97       640    0.9874    0.9886    0.9925    0.9139   0.01582  0.002469 5.452e-05
     90/99     3.47G   0.01459  0.000626 0.0001458   0.01536       104       640    0.9873    0.9887    0.9925    0.9135   0.01571  0.002473 5.443e-05
     91/99     3.47G   0.01514  0.000627 0.0001202   0.01588       105       640    0.9872    0.9887    0.9925    0.9157   0.01576  0.002471 5.449e-05
     92/99     3.47G   0.01512 0.0005674 0.0001391   0.01583       102       640     0.987    0.9887    0.9925    0.9162   0.01579  0.002468 5.446e-05
     93/99     3.47G   0.01536 0.0005803 8.015e-05   0.01603        90       640    0.9872    0.9886    0.9925     0.918   0.01574  0.002471 5.448e-05
     94/99     3.47G   0.01504 0.0005522 6.528e-05   0.01565       122       640    0.9873    0.9884    0.9925      0.92   0.01572  0.002471 5.451e-05
     95/99     3.47G    0.0152 0.0006039 0.0002998   0.01611       103       640    0.9877     0.988    0.9925     0.914   0.01579  0.002469 5.454e-05
     96/99     3.47G   0.01466 0.0005903  0.000133   0.01538        96       640    0.9876     0.988    0.9925    0.9123   0.01578  0.002474  5.47e-05
     97/99     3.47G   0.01456 0.0005774 3.815e-05   0.01517       106       640    0.9878    0.9879    0.9925    0.9165   0.01573  0.002472 5.459e-05
     98/99     3.47G   0.01507 0.0006293 8.055e-05   0.01578        90       640    0.9879    0.9879    0.9926    0.9164   0.01572  0.002471 5.449e-05
     99/99     3.47G   0.01387 0.0005409 4.201e-05   0.01446       108       640    0.9881    0.9878    0.9926    0.9183   0.01569  0.002472 5.454e-05
