      0/99    0.833G   0.06428   0.01398   0.01912   0.09738        68       640    0.6709    0.2928    0.2496    0.1001   0.05946   0.01427   0.02419
      1/99     5.29G   0.04671    0.0126   0.01132   0.07063        78       640    0.5648    0.6409    0.5464     0.272   0.05153   0.01271   0.02159
      2/99     5.76G   0.04338   0.01153  0.009573   0.06449       123       640    0.5268    0.7055    0.7198    0.3486   0.04428   0.01278   0.01781
      3/99     5.76G   0.04039   0.01118  0.007948   0.05952        92       640    0.5535    0.7731    0.7415    0.4374   0.04304   0.01256   0.01464
      4/99     5.76G   0.03808   0.01081  0.006868   0.05576        76       640    0.7261    0.7653    0.7809    0.4939   0.04512   0.01204   0.01162
      5/99     5.76G   0.03573   0.01047  0.005426   0.05163       118       640    0.7259    0.8299    0.8333    0.5706   0.03426   0.01426   0.00956
      6/99     5.77G   0.03363   0.01024  0.004567   0.04843       133       640    0.7628    0.9049     0.848    0.6078    0.0338   0.01427  0.008546
      7/99     5.77G   0.03268  0.009858  0.004166    0.0467        79       640    0.8778    0.9228     0.944    0.6921   0.03226   0.01362  0.007013
      8/99     5.77G   0.03179  0.009883  0.003755   0.04543        87       640    0.9526    0.9112    0.9567    0.7226   0.03064   0.01414  0.006196
      9/99     5.77G   0.03114  0.009695  0.003403   0.04424        63       640     0.917    0.9607    0.9793    0.7946   0.03103   0.01347  0.005678
     10/99     5.77G   0.03048  0.009629  0.003089    0.0432        82       640    0.9752    0.9474     0.979     0.749   0.03101   0.01413  0.005921
     11/99     5.77G   0.02979  0.009417  0.002915   0.04212        94       640    0.9725      0.94    0.9808    0.8012   0.02878   0.01381   0.00544
     12/99     5.77G   0.02963  0.009368  0.002744   0.04174       104       640    0.9713    0.9434    0.9696    0.7853   0.02981   0.01304  0.005384
     13/99     5.77G   0.02933  0.009367  0.002718   0.04141        93       640    0.9898    0.9119    0.9782    0.7869   0.02387   0.01463  0.004883
     14/99     5.77G    0.0291  0.009133  0.002646   0.04087        80       640    0.9799    0.9338    0.9786    0.8053   0.02411   0.01455  0.004503
     15/99     5.77G   0.02884  0.009302  0.002526   0.04066       118       640    0.9949     0.932    0.9758    0.7985   0.02441   0.01406  0.004465
     16/99     5.77G   0.02843  0.009292  0.002386   0.04011       104       640    0.9991    0.9021    0.9809    0.8109   0.02302   0.01453  0.004274
     17/99     5.77G   0.02826  0.009208  0.002361   0.03983       127       640    0.9928    0.9373    0.9831    0.7988   0.02277   0.01457  0.004057
     18/99     5.77G   0.02784  0.009039    0.0022   0.03908       115       640    0.9963    0.9281    0.9749    0.7965   0.02487   0.01351  0.003943
     19/99     5.77G   0.02791  0.008898  0.002156   0.03896       101       640    0.9669    0.9711    0.9852    0.8061   0.02526   0.01398   0.00397
     20/99     5.77G   0.02783  0.009063  0.002164   0.03906       110       640    0.9946    0.9227    0.9734     0.809   0.02499   0.01369  0.003959
     21/99     5.77G   0.02768  0.008729  0.002126   0.03853        95       640     0.989    0.9348    0.9736    0.8049   0.02638    0.0139  0.003592
     22/99     5.77G   0.02726  0.008872   0.00202   0.03815        80       640    0.9962    0.9453    0.9762    0.8337   0.02144   0.01413  0.003718
     23/99     5.77G   0.02714  0.008942  0.001924   0.03801       136       640    0.9867     0.948    0.9817    0.8434   0.02193   0.01405  0.003393
     24/99     5.77G   0.02716   0.00869  0.001914   0.03777       118       640    0.9938    0.9518    0.9813    0.8343   0.02244   0.01402    0.0035
     25/99     5.77G   0.02693  0.008705  0.001873   0.03751        98       640    0.9948    0.9473    0.9872    0.8396   0.02188   0.01443  0.003376
     26/99     5.77G   0.02681  0.008715  0.001901   0.03742        73       640    0.9794     0.968    0.9862    0.8516   0.02102    0.0142  0.003282
     27/99     5.77G   0.02665   0.00856  0.001839   0.03705       103       640    0.9964    0.9485    0.9856    0.8392   0.02049   0.01475   0.00335
     28/99     5.77G    0.0264  0.008698  0.001755   0.03685       127       640    0.9968    0.9491    0.9802    0.8364    0.0209   0.01473   0.00322
     29/99     5.77G   0.02623  0.008559  0.001756   0.03654        99       640    0.9924    0.9507    0.9837    0.8499   0.02089   0.01513  0.003383
     30/99     5.77G   0.02618  0.008549  0.001733   0.03646        82       640    0.9941    0.9511    0.9812    0.8465   0.02226   0.01417  0.003221
     31/99     5.77G   0.02601  0.008527  0.001672   0.03621        89       640    0.9807    0.9352    0.9816    0.8493    0.0212   0.01388   0.00302
     32/99     5.77G   0.02616  0.008547  0.001666   0.03638        77       640    0.9856    0.9561    0.9861    0.8628   0.02199   0.01418   0.00289
     33/99     5.77G   0.02577  0.008432  0.001629   0.03583        96       640    0.9742     0.982    0.9902    0.8625    0.0215   0.01438  0.002883
     34/99     5.77G   0.02561  0.008576  0.001638   0.03582        97       640    0.9649    0.9827    0.9875    0.8552   0.02029   0.01456  0.002873
     35/99     5.77G   0.02543  0.008383  0.001542   0.03536        99       640    0.9753    0.9894    0.9904     0.861   0.02002   0.01456   0.00287
     36/99     5.77G   0.02541  0.008332  0.001561    0.0353       107       640    0.9691    0.9907    0.9877    0.8703      0.02   0.01488  0.002706
     37/99     5.77G   0.02556  0.008455   0.00158    0.0356       107       640     0.985    0.9831    0.9916    0.8636   0.01869   0.01535  0.002963
     38/99     5.77G    0.0252  0.008383  0.001547   0.03513        88       640    0.9807    0.9917    0.9919    0.8695   0.01888   0.01511  0.002595
     39/99     5.77G   0.02544  0.008337  0.001525    0.0353       103       640    0.9821    0.9829    0.9918    0.8798   0.01791   0.01522  0.002649
     40/99     5.77G   0.02512  0.008324  0.001468   0.03491        99       640    0.9768    0.9898    0.9911    0.8838   0.01837   0.01483  0.002571
     41/99     5.77G   0.02495  0.008207  0.001428   0.03459       116       640    0.9705    0.9879    0.9898    0.8782   0.01838    0.0149   0.00262
     42/99     5.77G   0.02496  0.008307   0.00143    0.0347        98       640    0.9684    0.9887      0.99    0.8814   0.01859   0.01409  0.002476
     43/99     5.77G   0.02461    0.0082  0.001398   0.03421       115       640    0.9815    0.9916    0.9909    0.8821   0.01812   0.01453  0.002549
     44/99     5.77G   0.02458  0.008129  0.001361   0.03407        81       640    0.9839    0.9834    0.9916    0.8796   0.01792    0.0153    0.0024
     45/99     5.77G   0.02442  0.008133  0.001375   0.03393        83       640    0.9831    0.9907    0.9928    0.8907   0.01826   0.01435  0.002352
     46/99     5.77G   0.02414  0.008139  0.001268   0.03355        62       640    0.9659    0.9888    0.9905    0.8867   0.01774   0.01455  0.002397
     47/99     5.77G   0.02418  0.008044  0.001251   0.03347        84       640    0.9806    0.9817    0.9902    0.8918   0.01783   0.01507   0.00235
     48/99     5.77G   0.02432  0.008109  0.001247   0.03368       108       640    0.9865    0.9879    0.9925     0.893    0.0177   0.01457  0.002265
     49/99     5.77G   0.02419  0.008155  0.001312   0.03365       132       640    0.9835    0.9789    0.9901    0.8895   0.01719    0.0149  0.002326
     50/99     5.77G   0.02408  0.007925  0.001253   0.03326        95       640    0.9804    0.9805    0.9896     0.895   0.01676    0.0146  0.002366
     51/99     5.77G    0.0239  0.008001  0.001275   0.03317        83       640    0.9781     0.989    0.9908    0.8927   0.01723   0.01517  0.002247
     52/99     5.77G   0.02392  0.008059  0.001273   0.03325        93       640    0.9841    0.9812     0.991    0.8876   0.01741   0.01493  0.002172
     53/99     5.77G   0.02374  0.007768  0.001245   0.03275       108       640    0.9771    0.9808    0.9902    0.8941   0.01657   0.01534   0.00219
     54/99     5.77G    0.0235  0.007968  0.001168   0.03264        91       640    0.9785    0.9842    0.9902    0.8991   0.01648   0.01529  0.002136
     55/99     5.77G   0.02352  0.007928  0.001221   0.03266       114       640    0.9833    0.9857    0.9918     0.897   0.01613   0.01536  0.002129
     56/99     5.77G   0.02334  0.007925  0.001167   0.03243        98       640    0.9746    0.9878     0.991    0.9005   0.01569   0.01529  0.002035
     57/99     5.77G   0.02331  0.007844   0.00116   0.03231        87       640    0.9879    0.9762    0.9907    0.8987   0.01524   0.01579  0.002058
     58/99     5.77G   0.02355  0.007789  0.001146   0.03248        72       640    0.9804    0.9892    0.9918    0.9023   0.01495   0.01562  0.002045
     59/99     5.77G   0.02313  0.007771  0.001129   0.03202       100       640    0.9872    0.9842    0.9921    0.9048   0.01541    0.0155  0.001946
     60/99     5.77G   0.02315  0.007783  0.001124   0.03205        85       640    0.9854    0.9862    0.9921    0.9064   0.01512   0.01555  0.001998
     61/99     5.77G   0.02296   0.00774   0.00107   0.03177        85       640     0.988    0.9835    0.9923    0.9024   0.01505   0.01543  0.001882
     62/99     5.77G   0.02276  0.007702   0.00105   0.03151        93       640    0.9792     0.986    0.9922    0.9058   0.01473   0.01521  0.001909
     63/99     5.77G   0.02299  0.007819  0.001027   0.03183       105       640    0.9839    0.9812    0.9917    0.9085   0.01475   0.01517  0.001885
     64/99     5.77G   0.02273  0.007582   0.00105   0.03136        79       640    0.9808    0.9844    0.9912    0.9087   0.01418    0.0155  0.001797
     65/99     5.77G   0.02265  0.007717 0.0009935   0.03136        84       640    0.9815    0.9817    0.9912    0.9047   0.01461   0.01548  0.001793
     66/99     5.77G    0.0225  0.007572  0.001019   0.03109        94       640    0.9867    0.9816    0.9914    0.9062   0.01463   0.01553  0.001754
     67/99     5.77G   0.02255  0.007601  0.001035   0.03119        61       640    0.9833    0.9858    0.9926    0.9089   0.01477   0.01541  0.001768
     68/99     5.77G    0.0224  0.007657 0.0009647   0.03102        96       640    0.9811     0.985    0.9919    0.9098   0.01446   0.01549   0.00173
     69/99     5.77G   0.02229  0.007592 0.0009704   0.03085        79       640     0.975    0.9946    0.9915     0.904   0.01452   0.01575  0.001705
     70/99     5.77G   0.02226   0.00743 0.0009823   0.03067        70       640     0.983    0.9828    0.9913    0.9086   0.01454   0.01554  0.001647
     71/99     5.77G   0.02215  0.007458 0.0009706   0.03058        91       640    0.9813    0.9842    0.9912    0.9153   0.01444   0.01546  0.001649
     72/99     5.77G   0.02196  0.007429 0.0009433   0.03033        93       640    0.9782    0.9889    0.9911    0.9122   0.01427   0.01544  0.001584
     73/99     5.77G   0.02194  0.007369 0.0009231   0.03023        80       640    0.9834    0.9831    0.9914    0.9138   0.01421   0.01543  0.001529
     74/99     5.77G   0.02181  0.007485 0.0009024   0.03019        96       640     0.983    0.9883    0.9927    0.9136   0.01418   0.01546  0.001489
     75/99     5.77G   0.02199  0.007507   0.00096   0.03046        88       640    0.9871    0.9867    0.9927    0.9167   0.01414    0.0155  0.001504
     76/99     5.77G   0.02169   0.00736 0.0008858   0.02993       101       640    0.9859    0.9861    0.9927    0.9146   0.01387   0.01544  0.001487
     77/99     5.77G   0.02163  0.007417 0.0008604   0.02991        88       640    0.9847    0.9904    0.9933    0.9178   0.01386   0.01552  0.001414
     78/99     5.77G   0.02157  0.007363 0.0008961   0.02983       110       640    0.9829    0.9896    0.9927    0.9178   0.01374   0.01557  0.001423
     79/99     5.77G   0.02158  0.007272 0.0008649   0.02972       115       640    0.9802    0.9918    0.9922    0.9168   0.01363   0.01555  0.001412
     80/99     5.77G   0.02137  0.007273 0.0008309   0.02948        77       640    0.9856    0.9882    0.9925    0.9175   0.01363   0.01558  0.001402
     81/99     5.77G   0.02137  0.007175 0.0008031   0.02935        66       640    0.9864    0.9888    0.9929    0.9183   0.01406   0.01559   0.00139
     82/99     5.77G   0.02146  0.007415 0.0008672   0.02975       136       640    0.9887    0.9841    0.9927    0.9181   0.01408   0.01564  0.001367
     83/99     5.77G   0.02137  0.007254 0.0008596   0.02948       118       640    0.9892     0.985    0.9929    0.9182   0.01383   0.01564  0.001353
     84/99     5.77G   0.02134  0.007223 0.0008122   0.02938       118       640    0.9884    0.9853    0.9929    0.9198   0.01368    0.0157  0.001305
     85/99     5.77G   0.02134  0.007223 0.0008211   0.02939        91       640    0.9876     0.986    0.9932    0.9207    0.0136   0.01579  0.001273
     86/99     5.77G    0.0211  0.007231 0.0007772   0.02911       127       640    0.9856    0.9879    0.9933     0.921   0.01349   0.01581  0.001275
     87/99     5.77G   0.02113   0.00713 0.0007823   0.02904        77       640    0.9859     0.988    0.9932    0.9229   0.01348   0.01588  0.001233
     88/99     5.77G   0.02115  0.007205 0.0007777   0.02913        87       640    0.9764    0.9974    0.9931    0.9219   0.01339    0.0158  0.001232
     89/99     5.77G   0.02107  0.007136 0.0007623   0.02897        51       640    0.9888    0.9846    0.9928    0.9217   0.01352   0.01578  0.001227
     90/99     5.77G   0.02091  0.007095 0.0007498   0.02875       111       640    0.9849    0.9872    0.9929    0.9211   0.01352   0.01584   0.00122
     91/99     5.77G   0.02084   0.00712 0.0007342   0.02869       112       640    0.9853    0.9872     0.993    0.9222   0.01338   0.01582  0.001197
     92/99     5.77G   0.02081  0.007096 0.0007493   0.02866        84       640    0.9823    0.9911    0.9931    0.9224   0.01339   0.01582  0.001182
     93/99     5.77G   0.02084  0.007147 0.0007964   0.02878        91       640    0.9884    0.9846    0.9932    0.9228   0.01346   0.01583  0.001169
     94/99     5.77G   0.02082  0.007115 0.0007467   0.02868        92       640    0.9881    0.9847    0.9932    0.9232   0.01333   0.01588  0.001148
     95/99     5.77G   0.02075  0.007131 0.0007437   0.02862       127       640    0.9874    0.9846    0.9928    0.9241   0.01333   0.01592  0.001153
     96/99     5.77G   0.02078  0.006961 0.0007577    0.0285       107       640    0.9863    0.9855     0.993     0.923   0.01335   0.01597  0.001159
     97/99     5.77G   0.02064  0.007074 0.0007181   0.02844        85       640     0.985    0.9875    0.9933    0.9227   0.01333   0.01599  0.001154
     98/99     5.77G   0.02064  0.006898 0.0007043   0.02824        99       640    0.9871    0.9861    0.9933    0.9213    0.0133   0.01599  0.001152
     99/99     5.77G   0.02083  0.007094 0.0007441   0.02867        94       640    0.9863    0.9854    0.9934    0.9222   0.01323   0.01598  0.001139
