      0/39     1.08G   0.06258   0.01886   0.03424    0.1157       210       640    0.3537    0.3432    0.2115   0.08825   0.06686   0.02852   0.04475
      1/39     3.33G   0.04936   0.01763   0.02074   0.08772       124       640    0.6078    0.4138    0.4474    0.2355   0.06156    0.0252   0.03748
      2/39     4.82G   0.04441    0.0166   0.01584   0.07685       152       640    0.6443    0.5433    0.6003    0.2816   0.05883   0.02731   0.03326
      3/39     4.82G   0.04363   0.01558   0.01337   0.07258       197       640    0.5249    0.6032    0.5497    0.2519   0.06229   0.02761   0.03144
      4/39     4.82G   0.04496   0.01526   0.01295   0.07317       159       640    0.7682    0.6457    0.7349     0.385   0.04998   0.02804   0.02956
      5/39     4.82G   0.04083   0.01498    0.0104   0.06621       190       640    0.8693    0.7177    0.8333    0.5022   0.05189   0.02639   0.02716
      6/39     4.82G   0.03908   0.01479  0.009252   0.06312       173       640    0.8505     0.726    0.8255    0.5181   0.04888   0.02906   0.02685
      7/39     4.82G   0.03797   0.01454  0.008725   0.06124       150       640    0.9029    0.7646    0.8717    0.5621    0.0462    0.0282   0.02443
      8/39     4.82G   0.03701   0.01417  0.007988   0.05917       148       640     0.872    0.8047    0.8891    0.5739   0.04382   0.02929   0.02378
      9/39     4.82G   0.03635   0.01445  0.007418   0.05822       147       640    0.8758    0.8439    0.9005    0.6121   0.04347   0.02924   0.02298
     10/39     4.82G   0.03588   0.01424  0.007014   0.05713       200       640    0.9198    0.8385     0.919     0.637    0.0439   0.02764   0.02222
     11/39     4.82G   0.03497   0.01397  0.006838   0.05578       152       640    0.9162    0.8139    0.9077    0.6129   0.04357   0.02863   0.02256
     12/39     4.82G    0.0347   0.01384   0.00638   0.05491       165       640    0.8788    0.8365     0.916    0.6503   0.04244   0.02833   0.02182
     13/39     4.82G   0.03426   0.01387  0.006149   0.05428       153       640    0.9137    0.8421    0.9237    0.6413   0.04095   0.03002   0.02203
     14/39     4.82G   0.03373   0.01374  0.005961   0.05344       179       640    0.9074    0.8738    0.9297    0.6529   0.04031   0.02966   0.02052
     15/39     4.82G   0.03337   0.01376  0.005832   0.05296       162       640    0.9524     0.849    0.9419    0.6614   0.03926   0.02932   0.01973
     16/39     4.82G   0.03302   0.01372  0.005489   0.05223       145       640    0.9333    0.8581    0.9394    0.6711   0.03911   0.02919    0.0196
     17/39     4.82G    0.0326   0.01354  0.005382   0.05152       206       640    0.9207    0.8748    0.9443    0.6949   0.03827   0.02875   0.01889
     18/39     4.82G   0.03266   0.01353  0.005462   0.05165       183       640     0.952    0.8604    0.9429    0.6996      0.04   0.02897   0.01837
     19/39     4.82G   0.03206    0.0136  0.005166   0.05083       155       640    0.9334    0.8616    0.9486    0.6964   0.03936   0.02822     0.018
     20/39     4.82G   0.03199   0.01354  0.005256   0.05079       126       640    0.9252     0.871     0.945    0.7022   0.04019    0.0277   0.01796
     21/39     4.82G   0.03162   0.01352   0.00497   0.05011       152       640    0.9346    0.8712    0.9476     0.715   0.03944   0.02829   0.01734
     22/39     4.82G   0.03139   0.01355  0.004977   0.04992       162       640    0.9554    0.8684    0.9473    0.7186   0.03838   0.02839   0.01728
     23/39     4.82G   0.03109   0.01338  0.004793   0.04926       146       640    0.9367    0.8664    0.9469    0.7041   0.03873   0.02808   0.01683
     24/39     4.82G   0.03105    0.0131  0.004749    0.0489       146       640    0.9174    0.8871    0.9521    0.7362    0.0375   0.02852   0.01667
     25/39     4.82G   0.03066   0.01317  0.004686   0.04852       175       640    0.9324    0.8843     0.951    0.7332   0.03767   0.02867   0.01664
     26/39     4.82G   0.03028   0.01322   0.00457   0.04807       177       640    0.9523    0.9004    0.9579    0.7495   0.03651   0.02875   0.01682
     27/39     4.82G   0.03022   0.01314  0.004511   0.04787       153       640    0.9519    0.8671    0.9532     0.751   0.03712     0.028    0.0162
     28/39     4.82G   0.02999   0.01312  0.004403   0.04751       202       640    0.9333    0.8944    0.9552    0.7472   0.03669   0.02809   0.01619
     29/39     4.82G   0.02982    0.0131  0.004456   0.04738       158       640    0.9606    0.8831    0.9575    0.7514   0.03681   0.02813   0.01597
     30/39     4.82G   0.02964   0.01308  0.004208   0.04693       178       640    0.9339    0.8967    0.9579    0.7556   0.03687   0.02816   0.01587
     31/39     4.82G   0.02959   0.01303  0.004231   0.04685       159       640    0.9459    0.8863     0.957    0.7532   0.03671   0.02814   0.01576
     32/39     4.82G   0.02929   0.01299  0.004164   0.04644       160       640    0.9268    0.9138    0.9594    0.7663   0.03673   0.02806   0.01549
     33/39     4.82G   0.02912   0.01287   0.00409   0.04609       134       640    0.9407    0.9001    0.9602    0.7638   0.03563   0.02841   0.01547
     34/39     4.82G   0.02899    0.0129  0.004116   0.04601       153       640    0.9463    0.9097    0.9615    0.7607   0.03707   0.02776   0.01537
     35/39     4.82G   0.02907   0.01296  0.004092   0.04612       179       640     0.941     0.915     0.961    0.7701   0.03659   0.02806   0.01527
     36/39     4.82G   0.02889   0.01283  0.003927   0.04565       155       640    0.9353    0.9144    0.9614    0.7709   0.03627   0.02815   0.01529
     37/39     4.82G   0.02885   0.01284  0.003986   0.04567       175       640    0.9543    0.9022    0.9611    0.7685   0.03636   0.02805   0.01528
     38/39     4.82G   0.02889   0.01277  0.004018   0.04568       158       640     0.949    0.9013    0.9607    0.7697   0.03566   0.02836   0.01533
     39/39     4.82G   0.02872   0.01276  0.003939   0.04542       177       640    0.9558    0.9006    0.9598    0.7716   0.03575   0.02826   0.01536
