      0/99    0.921G   0.04875   0.01331   0.02306   0.08512        66       640     0.928    0.8106    0.9071    0.5102   0.04794   0.01162   0.01877
      1/99      6.3G   0.03525    0.0115   0.00831   0.05506        44       640    0.9534    0.8938     0.958    0.6848   0.03813   0.01142    0.0125
      2/99     7.46G   0.03462   0.01116  0.007292   0.05307        54       640    0.9295     0.876    0.9424      0.68   0.03711   0.01171   0.01121
      3/99     7.46G   0.03211   0.01113  0.006254   0.04949        65       640    0.9478    0.9246    0.9732    0.7517   0.03058   0.01156  0.008967
      4/99     7.46G   0.02935   0.01073   0.00528   0.04537        43       640    0.9582    0.9472    0.9766    0.7784   0.02784   0.01115  0.007167
      5/99     7.46G   0.02797   0.01042  0.004812    0.0432        52       640    0.9701    0.9393    0.9814    0.7949   0.02547    0.0112  0.006699
      6/99     7.46G   0.02693   0.01026   0.00441   0.04159        67       640    0.9708     0.943    0.9833    0.8102   0.02376   0.01102   0.00636
      7/99     7.46G    0.0265      0.01  0.004248   0.04075        53       640    0.9669    0.9446     0.984    0.8133   0.02362   0.01079  0.005979
      8/99     7.46G   0.02597  0.009835  0.004101    0.0399        39       640    0.9529    0.9581    0.9827    0.8228   0.02163   0.01102  0.005324
      9/99     7.46G   0.02566  0.009714  0.003914   0.03928        47       640    0.9685    0.9545    0.9854    0.8301    0.0194    0.0114  0.004698
     10/99     7.46G   0.02531  0.009706   0.00385   0.03886        61       640    0.9743     0.957    0.9877    0.8366   0.01784   0.01143  0.004341
     11/99     7.46G   0.02513  0.009633  0.003787   0.03855        51       640     0.975    0.9529    0.9848    0.8368   0.01704   0.01181  0.003746
     12/99     7.46G   0.02472  0.009519  0.003633   0.03787        62       640    0.9794    0.9598    0.9885    0.8472   0.01653   0.01194  0.003418
     13/99     7.46G   0.02453  0.009384  0.003577   0.03749        48       640    0.9723    0.9565    0.9866    0.8459   0.01588   0.01187  0.003281
     14/99     7.46G   0.02433  0.009367  0.003555   0.03726        57       640     0.974    0.9617    0.9877    0.8472   0.01574   0.01213  0.003192
     15/99     7.46G    0.0241  0.009325  0.003505   0.03693        56       640    0.9793    0.9582    0.9889     0.854   0.01513   0.01189  0.002799
     16/99     7.46G   0.02396  0.009217  0.003431   0.03661        43       640    0.9813    0.9567    0.9891    0.8564   0.01487    0.0121   0.00264
     17/99     7.46G   0.02384   0.00912  0.003334   0.03629        66       640    0.9784    0.9617    0.9898    0.8594   0.01488   0.01203  0.002588
     18/99     7.46G   0.02348  0.009102  0.003289   0.03587        52       640    0.9779    0.9687      0.99    0.8626   0.01466   0.01198  0.002446
     19/99     7.46G   0.02346  0.009038  0.003224   0.03573        56       640    0.9846    0.9596    0.9898    0.8617   0.01449   0.01203  0.002328
     20/99     7.46G   0.02339  0.008981  0.003201   0.03558        48       640    0.9813    0.9625    0.9896    0.8618   0.01436   0.01198  0.002219
     21/99     7.46G   0.02323  0.008954  0.003151   0.03533        38       640    0.9884    0.9576    0.9901    0.8683     0.014   0.01201  0.002214
     22/99     7.46G   0.02313  0.008933  0.003199   0.03527        49       640    0.9872    0.9599    0.9903    0.8682   0.01392     0.012   0.00212
     23/99     7.46G   0.02293  0.008841  0.003041   0.03481        45       640    0.9796    0.9675    0.9903      0.87   0.01387   0.01199  0.001981
     24/99     7.46G   0.02281  0.008756  0.003016   0.03459        67       640    0.9771    0.9703    0.9903    0.8719   0.01384   0.01195  0.001933
     25/99     7.46G    0.0228  0.008833  0.003143   0.03478        70       640    0.9841    0.9648    0.9905    0.8729   0.01368   0.01205  0.001875
     26/99     7.46G   0.02258  0.008727  0.002891    0.0342        51       640    0.9828    0.9669    0.9906    0.8746   0.01356   0.01203  0.001831
     27/99     7.46G    0.0225  0.008723  0.002942   0.03417        50       640    0.9852    0.9635    0.9906    0.8762    0.0134   0.01202  0.001791
     28/99     7.46G   0.02247  0.008643  0.002953   0.03406        54       640    0.9861    0.9629    0.9906    0.8763   0.01333   0.01203  0.001747
     29/99     7.46G   0.02229  0.008601  0.002857   0.03375        54       640    0.9834    0.9693    0.9909    0.8772   0.01326   0.01204   0.00173
     30/99     7.46G   0.02203  0.008542  0.002808   0.03338        59       640    0.9854    0.9652     0.991    0.8776   0.01317   0.01206  0.001707
     31/99     7.46G   0.02197  0.008612  0.002732   0.03332        63       640    0.9884     0.961    0.9909    0.8786   0.01309   0.01205  0.001679
     32/99     7.46G   0.02185  0.008509  0.002722   0.03309        54       640    0.9818    0.9704    0.9911    0.8793   0.01303   0.01208  0.001668
     33/99     7.46G   0.02185  0.008488  0.002784   0.03313        64       640    0.9827    0.9689    0.9912    0.8808     0.013   0.01206  0.001643
     34/99     7.46G   0.02156  0.008357  0.002585    0.0325        56       640    0.9861    0.9659    0.9913     0.881   0.01299   0.01207  0.001616
     35/99     7.46G   0.02165  0.008439  0.002735   0.03283        46       640    0.9859    0.9663    0.9914    0.8821   0.01296   0.01206  0.001596
     36/99     7.46G   0.02157  0.008356  0.002747   0.03267        55       640    0.9864    0.9671    0.9915    0.8823   0.01291   0.01206  0.001581
     37/99     7.46G   0.02143  0.008345  0.002658   0.03243        59       640     0.985    0.9684    0.9915     0.882   0.01287   0.01207  0.001568
     38/99     7.46G   0.02117  0.008298   0.00262   0.03209        46       640    0.9861    0.9673    0.9915    0.8824   0.01283   0.01207  0.001553
     39/99     7.46G   0.02114  0.008238  0.002509   0.03188        71       640    0.9859    0.9673    0.9915    0.8837    0.0128   0.01209  0.001537
     40/99     7.47G   0.02097  0.008134  0.002455   0.03156        58       640    0.9827    0.9706    0.9916    0.8836   0.01276   0.01209  0.001521
     41/99     7.47G   0.02089  0.008098  0.002523   0.03151        47       640    0.9845    0.9691    0.9917    0.8842   0.01272    0.0121  0.001507
     42/99     7.47G   0.02094  0.008125  0.002557   0.03162        68       640    0.9861    0.9682    0.9918    0.8841    0.0127   0.01211  0.001493
     43/99     7.47G   0.02088  0.008063  0.002435   0.03138        50       640    0.9862    0.9683    0.9918    0.8846   0.01267   0.01212   0.00148
     44/99     7.47G   0.02074  0.008082   0.00245   0.03128        43       640    0.9852    0.9689    0.9918     0.885   0.01265   0.01214  0.001468
     45/99     7.47G    0.0207  0.008069   0.00252   0.03129        43       640    0.9854    0.9693    0.9919    0.8851   0.01263   0.01216  0.001457
     46/99     7.47G   0.02056  0.008005  0.002378   0.03094        43       640    0.9857    0.9691     0.992    0.8856    0.0126   0.01218  0.001447
     47/99     7.47G   0.02031  0.007949  0.002367   0.03062        55       640     0.986     0.969     0.992    0.8863   0.01259   0.01219  0.001437
     48/99     7.47G   0.02026  0.007938  0.002366   0.03056        49       640    0.9854      0.97    0.9921    0.8864   0.01257    0.0122  0.001426
     49/99     7.47G   0.02014  0.007924  0.002346   0.03041        55       640    0.9856    0.9697    0.9921    0.8871   0.01255   0.01222  0.001418
     50/99     7.47G      0.02  0.007864  0.002308   0.03017        85       640    0.9857    0.9697    0.9921    0.8873   0.01253   0.01223   0.00141
     51/99     7.47G   0.01992  0.007794  0.002214   0.02992        70       640    0.9882    0.9679    0.9922     0.888   0.01251   0.01225  0.001401
     52/99     7.47G   0.01976  0.007775  0.002247   0.02979        51       640    0.9889    0.9679    0.9922    0.8881   0.01248   0.01226  0.001392
     53/99     7.47G   0.01962   0.00771  0.002158   0.02949        67       640    0.9891    0.9679    0.9923    0.8887   0.01246   0.01227  0.001382
     54/99     7.47G   0.01955  0.007695  0.002196   0.02944        45       640    0.9869    0.9706    0.9923     0.889   0.01244   0.01229  0.001373
     55/99     7.47G   0.01943  0.007692  0.002232   0.02936        49       640    0.9875    0.9702    0.9924    0.8891   0.01242    0.0123  0.001364
     56/99     7.47G   0.01931  0.007602  0.002174   0.02909        41       640    0.9873    0.9709    0.9924    0.8896    0.0124   0.01231  0.001356
     57/99     7.47G   0.01919  0.007596  0.002041   0.02882        48       640    0.9879    0.9706    0.9924    0.8899   0.01237   0.01232  0.001347
     58/99     7.47G   0.01916   0.00753   0.00214   0.02883        48       640    0.9897    0.9692    0.9924    0.8903   0.01234   0.01234  0.001337
     59/99     7.47G     0.019  0.007513   0.00209   0.02861        56       640    0.9899    0.9694    0.9924    0.8908   0.01231   0.01235  0.001327
     60/99     7.47G   0.01891  0.007497  0.001988    0.0284        29       640    0.9902    0.9691    0.9925    0.8916   0.01228   0.01237  0.001317
     61/99     7.47G   0.01878  0.007407  0.002105    0.0283        56       640    0.9899    0.9695    0.9925     0.892   0.01226   0.01238  0.001307
     62/99     7.47G   0.01857  0.007378  0.001972   0.02792        63       640    0.9903    0.9696    0.9925     0.892   0.01223    0.0124  0.001298
     63/99     7.47G   0.01857  0.007337  0.001977   0.02788        35       640    0.9881     0.972    0.9925    0.8922    0.0122   0.01242  0.001288
     64/99     7.47G   0.01841  0.007345  0.001933   0.02769        43       640    0.9872    0.9733    0.9926     0.893   0.01217   0.01244  0.001279
     65/99     7.47G   0.01823  0.007233  0.001902   0.02736        38       640    0.9877    0.9734    0.9927    0.8935   0.01214   0.01246  0.001268
     66/99     7.47G   0.01823  0.007242  0.001927    0.0274        52       640    0.9886    0.9728    0.9929    0.8936   0.01211   0.01249  0.001258
     67/99     7.47G   0.01809  0.007218  0.001875   0.02718        68       640    0.9887    0.9731    0.9929    0.8936   0.01208   0.01251  0.001249
     68/99     7.47G   0.01796  0.007172  0.001799   0.02693        82       640    0.9886    0.9732    0.9928    0.8941   0.01206   0.01253  0.001238
     69/99     7.47G    0.0178   0.00713   0.00187    0.0268        58       640    0.9899    0.9727    0.9929    0.8939   0.01203   0.01256  0.001229
     70/99     7.47G   0.01759  0.007057  0.001713   0.02636        64       640    0.9897    0.9732    0.9929    0.8941   0.01199   0.01259  0.001219
     71/99     7.47G   0.01753  0.007056  0.001762   0.02635        47       640    0.9903    0.9727    0.9929    0.8944   0.01196   0.01262  0.001209
     72/99     7.47G   0.01743  0.006968  0.001728   0.02613        55       640    0.9907    0.9726    0.9929    0.8951   0.01193   0.01265  0.001199
     73/99     7.47G   0.01735  0.006976   0.00172   0.02604        62       640    0.9907    0.9732     0.993    0.8952    0.0119   0.01268  0.001189
     74/99     7.47G   0.01723  0.006864  0.001672   0.02576        56       640     0.991    0.9733     0.993    0.8959   0.01187   0.01271  0.001179
     75/99     7.47G   0.01717  0.006858  0.001685   0.02572        45       640    0.9903    0.9739     0.993    0.8963   0.01184   0.01273   0.00117
     76/99     7.47G   0.01702  0.006859  0.001642   0.02552        61       640    0.9895    0.9743     0.993    0.8964   0.01181   0.01276   0.00116
     77/99     7.47G   0.01677   0.00678  0.001593   0.02515        49       640      0.99    0.9738    0.9931    0.8962   0.01178   0.01279   0.00115
