      0/99     1.04G   0.05815  0.002517  0.004289   0.06495       146       640    0.2386    0.4159    0.2939    0.1597   0.04533  0.003029  0.006625
      1/99     5.29G   0.03937  0.002379  0.002108   0.04386       114       640    0.2615    0.5192    0.3859    0.2376   0.03921  0.002409  0.004527
      2/99     6.76G   0.03621    0.0025  0.002008   0.04071       126       640    0.1672    0.5347    0.2398    0.1023   0.05127  0.002915  0.003901
      3/99     6.76G   0.03243  0.002545  0.001762   0.03674       116       640    0.5474    0.5085    0.5881    0.3532   0.03875  0.002291  0.003238
      4/99     6.76G   0.02892  0.002295  0.001566   0.03278       119       640    0.5857     0.719    0.7177    0.4931   0.02959  0.002077  0.003006
      5/99     6.76G   0.02707  0.002185  0.001401   0.03065       136       640    0.6536    0.8764    0.7776    0.5106    0.0285  0.002013  0.002869
      6/99     6.76G   0.02543  0.002075  0.001252   0.02875       158       640    0.6933    0.8008    0.8108    0.6001   0.02636  0.001966   0.00264
      7/99     6.76G   0.02429  0.002045   0.00109   0.02742       118       640     0.812    0.8609    0.8324    0.6309   0.02617  0.001883  0.002474
      8/99     6.76G   0.02374  0.001993   0.00101   0.02674       112       640      0.88    0.8458    0.9028    0.7046   0.02423  0.001879  0.002247
      9/99     6.76G   0.02295  0.002016 0.0008867   0.02586       116       640    0.8714    0.9284    0.9542     0.783   0.02275  0.001857  0.002067
     10/99     6.76G   0.02275  0.001956 0.0007873    0.0255       117       640    0.9681    0.8836     0.962    0.7874   0.02297   0.00186  0.001973
     11/99     6.76G    0.0224  0.001964 0.0007432    0.0251       145       640    0.9601    0.9042    0.9715    0.7951   0.02312  0.001838  0.001893
     12/99     6.76G   0.02194  0.001941 0.0006853   0.02457       123       640    0.9322    0.9247    0.9594    0.7938   0.02256  0.001838  0.001779
     13/99     6.76G   0.02187  0.001911 0.0005905   0.02437       123       640     0.981    0.9327     0.976    0.8161   0.02242  0.001793  0.001709
     14/99     6.76G   0.02147  0.001893 0.0005759   0.02393       118       640    0.9792    0.9323    0.9645    0.8088   0.02296  0.001834  0.001652
     15/99     6.76G   0.02132  0.001887 0.0005229   0.02373       146       640    0.9844    0.9116     0.969    0.8087   0.02246  0.001817  0.001589
     16/99     6.76G   0.02109  0.001885 0.0004997   0.02347       152       640    0.9684    0.9322    0.9774     0.824   0.02254  0.001795  0.001604
     17/99     6.76G    0.0208  0.001864  0.000467   0.02313       108       640    0.9832     0.914    0.9715     0.816   0.02177  0.001852  0.001551
     18/99     6.76G   0.02068  0.001852 0.0004498   0.02299       126       640    0.9636    0.9389     0.984    0.8201   0.02146  0.001813  0.001495
     19/99     6.76G   0.02079  0.001843 0.0004503   0.02308       119       640     0.988    0.9294    0.9697    0.8247   0.02124  0.001824  0.001413
     20/99     6.76G   0.02043  0.001821 0.0004535   0.02271       124       640      0.98     0.917     0.972    0.8199   0.02062  0.001877  0.001499
     21/99     6.76G   0.02003  0.001822 0.0004014   0.02225       122       640    0.9949    0.9126    0.9741    0.8327   0.02018  0.001835  0.001436
     22/99     6.76G    0.0202  0.001821 0.0004056   0.02243       109       640    0.9918    0.9121    0.9698    0.8166   0.02153   0.00184  0.001422
     23/99     6.76G   0.02011  0.001782 0.0003984   0.02229       107       640    0.9793    0.9328    0.9751    0.8239   0.02085  0.001911  0.001401
     24/99     6.76G   0.01988  0.001786 0.0003768   0.02205        93       640    0.9797    0.9389    0.9716    0.8429   0.02049  0.001845   0.00138
     25/99     6.76G   0.01977  0.001788 0.0003633   0.02192       131       640     0.974    0.9401    0.9704    0.8459   0.01929  0.001842  0.001329
     26/99     6.76G    0.0196  0.001793 0.0003395   0.02173        93       640    0.9763    0.9375    0.9852    0.8471   0.01983  0.001828  0.001283
     27/99     6.76G   0.01964  0.001753 0.0003309   0.02173       117       640    0.9864     0.928    0.9721     0.844   0.01993  0.001867  0.001271
     28/99     6.76G   0.01943  0.001756 0.0003404   0.02153       102       640    0.9846     0.921    0.9709    0.8415   0.01954  0.001879  0.001338
     29/99     6.76G   0.01941  0.001755 0.0003341   0.02149       142       640    0.9757    0.9462    0.9759    0.8593    0.0188  0.001875  0.001288
     30/99     6.76G   0.01938  0.001734 0.0003345   0.02145       122       640    0.9888    0.9403    0.9785    0.8562   0.01883  0.001894  0.001263
     31/99     6.76G   0.01937  0.001754 0.0003183   0.02145       122       640    0.9879    0.9167    0.9716    0.8351   0.01969  0.001903  0.001287
     32/99     6.76G   0.01909  0.001718 0.0003054   0.02111       109       640    0.9936    0.9136    0.9691    0.8505   0.01923  0.001912  0.001237
     33/99     6.76G   0.01908   0.00172 0.0003111   0.02112       104       640    0.9957     0.913    0.9711    0.8553   0.01894  0.001904  0.001251
     34/99     6.76G     0.019  0.001736 0.0002872   0.02102       125       640    0.9946    0.9171    0.9695    0.8526   0.01875  0.001895  0.001243
     35/99     6.76G    0.0189  0.001708 0.0002824   0.02089        94       640    0.9931    0.9142    0.9663    0.8496    0.0191  0.001885  0.001251
     36/99     6.76G   0.01883  0.001702 0.0002804   0.02081       158       640    0.9887    0.9374    0.9758    0.8696   0.01764  0.001923  0.001207
     37/99     6.76G   0.01876  0.001713 0.0002765   0.02075       101       640    0.9672    0.9453     0.971     0.852   0.01814  0.001918  0.001203
     38/99     6.76G   0.01869  0.001699 0.0002709   0.02066       121       640    0.9629    0.9442    0.9715    0.8704   0.01789  0.001884  0.001173
     39/99     6.76G   0.01864  0.001694 0.0002698    0.0206       109       640     0.997    0.9139    0.9707    0.8675    0.0181  0.001889  0.001165
     40/99     6.76G   0.01855   0.00168 0.0002715    0.0205       105       640    0.9937    0.9161    0.9754    0.8673    0.0179  0.001924  0.001178
     41/99     6.76G   0.01846  0.001677 0.0002547   0.02039       127       640    0.9955     0.915    0.9707    0.8679   0.01765   0.00192  0.001135
     42/99     6.76G   0.01826  0.001654 0.0002597   0.02018       112       640    0.9911    0.9166     0.969    0.8645   0.01794  0.001972  0.001121
     43/99     6.76G   0.01823  0.001677 0.0002378   0.02014       116       640    0.9886    0.9189    0.9738    0.8742   0.01744  0.001943   0.00111
     44/99     6.76G   0.01815  0.001672 0.0002362   0.02006       146       640    0.9943    0.9149    0.9678    0.8679   0.01704  0.002023  0.001103
     45/99     6.76G   0.01818   0.00169 0.0002419   0.02011       137       640    0.9721    0.9391    0.9731    0.8666   0.01683  0.001964  0.001097
     46/99     6.76G   0.01783  0.001625 0.0002374    0.0197       110       640    0.9717    0.9433    0.9752    0.8713   0.01667  0.001981  0.001069
     47/99     6.76G   0.01804   0.00167 0.0002183   0.01993       157       640    0.9877    0.9199    0.9767    0.8721   0.01741   0.00194  0.001056
     48/99     6.76G   0.01801  0.001616 0.0002216   0.01985       117       640    0.9763    0.9443    0.9721    0.8752   0.01706  0.001974   0.00103
     49/99     6.76G   0.01768  0.001637  0.000226   0.01954        72       640    0.9914    0.9203    0.9699    0.8692    0.0167  0.001923   0.00104
     50/99     6.76G   0.01779  0.001636  0.000222   0.01965       127       640    0.9935    0.9146    0.9766    0.8816   0.01643  0.002006  0.001045
     51/99     6.76G   0.01764  0.001644 0.0002144    0.0195       121       640    0.9946    0.9157    0.9765    0.8725   0.01699  0.001932  0.001019
     52/99     6.76G   0.01756  0.001623 0.0002066   0.01939       126       640    0.9951    0.9148    0.9697    0.8725   0.01597  0.001973  0.001025
     53/99     6.76G   0.01741  0.001584 0.0002023    0.0192        99       640    0.9933    0.9165    0.9711     0.885   0.01595   0.00201  0.001023
     54/99     6.76G    0.0175  0.001585 0.0001983   0.01928       115       640    0.9738    0.9329     0.976    0.8815   0.01621  0.002021 0.0009824
     55/99     6.76G   0.01738   0.00157  0.000198   0.01915       117       640     0.982    0.9396    0.9772    0.8876   0.01649  0.001994 0.0009911
     56/99     6.76G   0.01735  0.001597 0.0001951   0.01915        89       640    0.9871    0.9408    0.9727    0.8861    0.0157  0.002024 0.0009925
     57/99     6.76G   0.01725   0.00159 0.0002017   0.01904       139       640    0.9819    0.9385    0.9727    0.8801   0.01612  0.002031 0.0009863
     58/99     6.76G   0.01723  0.001586 0.0001892   0.01901        87       640    0.9883    0.9348    0.9727    0.8872   0.01631  0.002042 0.0009654
     59/99     6.76G   0.01706  0.001539 0.0001818   0.01878       128       640    0.9864    0.9296    0.9766    0.8923   0.01593   0.00206 0.0009969
     60/99     6.76G   0.01696  0.001533 0.0001916   0.01868       118       640    0.9913    0.9213    0.9753    0.8855    0.0164  0.002035 0.0009911
     61/99     6.76G   0.01695  0.001523 0.0001761   0.01865        92       640    0.9797    0.9303    0.9755     0.893    0.0159  0.002082 0.0009972
     62/99     6.76G   0.01692  0.001542 0.0001853   0.01865       111       640    0.9816    0.9272    0.9732    0.8887   0.01561  0.002088 0.0009827
     63/99     6.76G   0.01682  0.001539  0.000179   0.01854       117       640    0.9912    0.9345     0.977    0.8971   0.01524  0.002095 0.0009854
     64/99     6.76G   0.01661  0.001502 0.0001636   0.01828       111       640     0.984    0.9357    0.9738    0.8958   0.01556  0.002072 0.0009786
     65/99     6.76G   0.01677  0.001507 0.0001698   0.01845       126       640    0.9744    0.9396    0.9733    0.8941    0.0157   0.00208 0.0009834
     66/99     6.76G   0.01664  0.001526 0.0001695   0.01833       137       640    0.9766    0.9289    0.9735    0.8933   0.01534  0.002165 0.0009485
     67/99     6.76G   0.01665   0.00153 0.0001681   0.01835       113       640    0.9955    0.9163    0.9749    0.8992   0.01536  0.002129 0.0009516
     68/99     6.76G   0.01636  0.001484 0.0001698   0.01801       136       640    0.9807    0.9321    0.9745    0.8967   0.01525   0.00215 0.0009589
     69/99     6.76G   0.01648  0.001488  0.000167   0.01814       128       640    0.9918    0.9212    0.9758    0.8953   0.01536  0.002127  0.000952
     70/99     6.76G    0.0164  0.001492 0.0001546   0.01805       134       640    0.9885    0.9263     0.976    0.9007   0.01505  0.002141 0.0009447
     71/99     6.76G   0.01623  0.001492  0.000157   0.01788       102       640    0.9953    0.9172    0.9723       0.9   0.01516  0.002139 0.0009261
     72/99     6.76G   0.01621  0.001478 0.0001585   0.01784       117       640    0.9964    0.9164    0.9739    0.8973   0.01489   0.00216 0.0009325
     73/99     6.76G   0.01599  0.001469 0.0001532   0.01761       122       640    0.9959     0.917    0.9752     0.902   0.01504  0.002161 0.0009039
     74/99     6.76G   0.01622  0.001491 0.0001489   0.01786       141       640    0.9959    0.9156     0.974     0.903   0.01505   0.00216  0.000929
     75/99     6.76G   0.01607  0.001442 0.0001455   0.01765       126       640    0.9943    0.9173    0.9753    0.9032   0.01499  0.002203 0.0009287
     76/99     6.76G   0.01606  0.001464 0.0001426   0.01767       136       640    0.9961     0.916    0.9764    0.9045   0.01502   0.00218 0.0009141
     77/99     6.76G   0.01604  0.001452 0.0001459   0.01763       134       640    0.9917    0.9229    0.9746    0.9039   0.01479  0.002187 0.0009101
     78/99     6.76G     0.016   0.00147 0.0001432   0.01762       127       640    0.9934     0.923    0.9713    0.8994   0.01468  0.002166 0.0008986
     79/99     6.76G    0.0159  0.001448 0.0001462    0.0175       114       640    0.9635    0.9469    0.9721    0.9034   0.01482  0.002157 0.0008931
     80/99     6.76G   0.01575  0.001447   0.00013   0.01733       108       640    0.9791    0.9327    0.9747    0.9057   0.01471  0.002179 0.0008944
     81/99     6.76G   0.01576  0.001441 0.0001344   0.01734       121       640    0.9941    0.9196     0.974     0.905    0.0147  0.002153 0.0008819
     82/99     6.76G   0.01582  0.001451 0.0001313    0.0174       160       640    0.9937    0.9183    0.9748    0.9028   0.01468  0.002181 0.0008793
     83/99     6.76G   0.01572  0.001436 0.0001277   0.01728       115       640    0.9675    0.9408    0.9738    0.9033   0.01449  0.002183 0.0008696
     84/99     6.76G   0.01547   0.00142 0.0001264   0.01702       131       640    0.9786    0.9349    0.9756     0.908   0.01453  0.002186 0.0008721
     85/99     6.76G    0.0156  0.001401 0.0001281   0.01712       110       640    0.9822    0.9304    0.9746    0.9085   0.01451  0.002205 0.0008676
     86/99     6.76G   0.01574  0.001421 0.0001282   0.01729        98       640    0.9939     0.922    0.9735    0.9076   0.01442  0.002212 0.0008622
     87/99     6.76G   0.01575  0.001457 0.0001314   0.01733       127       640    0.9944    0.9234    0.9756    0.9079   0.01445  0.002205 0.0008586
     88/99     6.76G   0.01558  0.001448 0.0001327   0.01716       121       640    0.9902    0.9295    0.9773    0.9106   0.01445  0.002204 0.0008543
     89/99     6.76G   0.01565  0.001424 0.0001251    0.0172       139       640    0.9779    0.9349    0.9775    0.9116   0.01446  0.002193 0.0008501
     90/99     6.76G   0.01548  0.001432 0.0001279   0.01704       115       640    0.9903    0.9245    0.9762     0.909   0.01442  0.002196 0.0008479
     91/99     6.76G   0.01547  0.001417 0.0001264   0.01701       146       640    0.9804    0.9388     0.977      0.91   0.01442  0.002183 0.0008412
     92/99     6.76G   0.01551  0.001441 0.0001252   0.01708       124       640    0.9795    0.9373    0.9769    0.9104   0.01445  0.002178 0.0008364
     93/99     6.76G   0.01557  0.001426 0.0001257   0.01712       112       640    0.9901     0.929    0.9775    0.9109   0.01446  0.002178 0.0008359
     94/99     6.76G   0.01536  0.001403 0.0001225   0.01688       136       640    0.9929     0.928    0.9775    0.9111   0.01441  0.002181 0.0008358
     95/99     6.76G   0.01553  0.001435 0.0001212   0.01709       118       640    0.9881     0.931     0.977    0.9101   0.01439  0.002177  0.000834
     96/99     6.76G   0.01542  0.001412 0.0001167   0.01695       124       640    0.9892    0.9306     0.977     0.911   0.01436   0.00217  0.000833
     97/99     6.76G   0.01544  0.001424 0.0001185   0.01699       158       640    0.9903    0.9303    0.9771    0.9105   0.01435  0.002159 0.0008302
     98/99     6.76G   0.01538  0.001422  0.000113   0.01692       119       640    0.9863    0.9303    0.9766    0.9107   0.01432  0.002155 0.0008275
     99/99     6.76G   0.01538   0.00142 0.0001187   0.01692       129       640    0.9885    0.9266    0.9761    0.9107   0.01433  0.002153 0.0008253
