      0/99      0.7G   0.04911   0.01164   0.02186    0.0826        47       640    0.8626    0.8697    0.9202    0.5692    0.0495   0.01203   0.01878
      1/99     6.45G   0.03632  0.009704  0.007981     0.054        51       640    0.9704    0.8766    0.9581    0.6831   0.04043   0.01101    0.0119
      2/99     7.94G   0.03495   0.00952  0.006533     0.051        38       640    0.9244    0.9254    0.9646    0.7147   0.03558   0.01214   0.01134
      3/99     7.94G   0.03209  0.009466  0.005789   0.04734        47       640    0.9412    0.9401    0.9733    0.7597   0.03159   0.01148  0.009196
      4/99     7.94G   0.02896  0.009101  0.004689   0.04275        51       640    0.9568    0.9312    0.9797    0.7811   0.02773   0.01134  0.008257
      5/99     7.94G   0.02755  0.008854  0.004124   0.04053        37       640    0.9775    0.9299    0.9791    0.7936   0.02667    0.0113  0.007626
      6/99     7.94G    0.0262  0.008529  0.003634   0.03836        42       640     0.958    0.9421    0.9847    0.8066    0.0258   0.01119  0.006976
      7/99     7.94G   0.02571  0.008524  0.003457   0.03769        48       640    0.9774     0.938     0.984    0.8205   0.02437   0.01101  0.006369
      8/99     7.94G   0.02486  0.008244  0.003153   0.03626        52       640    0.9852    0.9348    0.9849    0.8256   0.02349    0.0109  0.006124
      9/99     7.94G   0.02455  0.008289  0.003082   0.03592        36       640    0.9705    0.9519    0.9837     0.834    0.0214   0.01143  0.005665
     10/99     7.94G   0.02437  0.008337  0.003052   0.03576        34       640    0.9682    0.9458     0.986    0.8365   0.01899   0.01126  0.005675
     11/99     7.94G   0.02397  0.008115  0.002841   0.03493        44       640    0.9755    0.9478    0.9864    0.8412   0.01833   0.01153  0.005072
     12/99     7.94G    0.0239  0.008053  0.002832   0.03479        40       640    0.9775    0.9552    0.9865    0.8429   0.01748   0.01154  0.004735
     13/99     7.94G   0.02379  0.007962  0.002895   0.03465        43       640    0.9743    0.9563    0.9871    0.8468   0.01732   0.01146  0.004435
     14/99     7.94G   0.02336  0.007878  0.002663    0.0339        46       640    0.9845    0.9516    0.9884    0.8518   0.01703   0.01149  0.004226
     15/99     7.94G   0.02321  0.007757  0.002598   0.03357        39       640    0.9793    0.9579    0.9888    0.8522   0.01631   0.01149  0.003987
     16/99     7.95G   0.02303  0.007669  0.002495    0.0332        54       640     0.976    0.9577    0.9884    0.8569   0.01628   0.01153  0.003774
     17/99     7.95G   0.02285   0.00763  0.002591   0.03308        66       640    0.9853    0.9524     0.989    0.8578   0.01557   0.01171  0.003623
     18/99     7.95G   0.02291  0.007593  0.002567   0.03307        38       640    0.9821    0.9587    0.9887     0.862   0.01522   0.01166  0.003306
     19/99     7.95G    0.0225  0.007522  0.002363   0.03239        49       640    0.9835    0.9556    0.9886    0.8654   0.01497   0.01167  0.003161
     20/99     7.95G   0.02266  0.007555  0.002526   0.03275        58       640    0.9814    0.9608    0.9893     0.863   0.01537   0.01162  0.003062
     21/99     7.95G   0.02234   0.00746  0.002465   0.03226        29       640    0.9821    0.9577    0.9896    0.8634   0.01476   0.01173  0.002997
     22/99     7.95G   0.02215  0.007473  0.002347   0.03197        45       640    0.9757    0.9707    0.9901    0.8691   0.01432   0.01181  0.002877
     23/99     7.95G   0.02201  0.007364  0.002288   0.03166        50       640    0.9873    0.9548    0.9897    0.8705   0.01411   0.01175  0.002676
     24/99     7.95G   0.02193  0.007289  0.002328   0.03155        59       640    0.9875    0.9585    0.9903    0.8733   0.01399    0.0118  0.002582
     25/99     7.95G   0.02203  0.007306  0.002253   0.03159        44       640    0.9779    0.9687    0.9902    0.8731   0.01382   0.01181  0.002423
     26/99     7.95G   0.02185  0.007256  0.002279   0.03138        41       640    0.9811    0.9674    0.9901    0.8744   0.01371    0.0118  0.002398
     27/99     7.95G   0.02168  0.007223  0.002258   0.03116        52       640    0.9802    0.9676    0.9901    0.8755   0.01367   0.01181  0.002348
     28/99     7.95G   0.02159   0.00717  0.002249   0.03101        58       640    0.9839    0.9641    0.9907    0.8767   0.01362   0.01184  0.002309
     29/99     7.95G   0.02157  0.007227  0.002252   0.03105        44       640    0.9836    0.9649    0.9909    0.8784   0.01359   0.01182  0.002252
     30/99     7.95G   0.02137  0.007128  0.002056   0.03056        49       640    0.9813    0.9676    0.9907    0.8789   0.01357   0.01188  0.002182
     31/99     7.95G   0.02128  0.007139  0.002205   0.03063        37       640    0.9812    0.9726    0.9911    0.8782   0.01343   0.01192  0.002148
     32/99     7.95G   0.02106   0.00707   0.00207    0.0302        51       640    0.9821     0.971     0.991    0.8799   0.01337   0.01193  0.002105
     33/99     7.95G   0.02111  0.007114  0.002117   0.03034        58       640    0.9837    0.9703    0.9912    0.8813   0.01328   0.01193  0.002069
     34/99     7.95G   0.02115  0.007066  0.002128   0.03035        51       640    0.9845    0.9691    0.9912    0.8818   0.01326   0.01194  0.002036
     35/99     7.95G   0.02095  0.007023  0.002079   0.03005        68       640    0.9837    0.9705    0.9914    0.8823   0.01318   0.01195  0.002004
     36/99     7.95G   0.02078  0.006973  0.001936   0.02969        57       640    0.9856    0.9691    0.9914    0.8835   0.01313   0.01198  0.001987
     37/99     7.95G    0.0206  0.006911  0.001905   0.02942        55       640    0.9872    0.9688    0.9916    0.8842   0.01308   0.01199  0.001964
     38/99     7.95G   0.02049  0.006913  0.001899   0.02931        55       640    0.9872     0.969    0.9915    0.8846   0.01301   0.01201  0.001947
     39/99     7.95G   0.02044   0.00691  0.001956    0.0293        32       640    0.9853    0.9708    0.9915    0.8848   0.01297   0.01202  0.001928
     40/99     7.95G   0.02029  0.006831  0.001926   0.02905        56       640    0.9858    0.9708    0.9916    0.8851   0.01293   0.01204  0.001912
     41/99     7.95G   0.02023  0.006819  0.001917   0.02897        37       640    0.9853    0.9712    0.9915     0.885   0.01291   0.01205  0.001897
     42/99     7.95G   0.02017  0.006772  0.001821   0.02876        47       640    0.9855    0.9711    0.9916    0.8854   0.01289   0.01206  0.001884
     43/99     7.95G   0.02008  0.006808  0.001945   0.02884        37       640    0.9853    0.9712    0.9916     0.886   0.01287   0.01206  0.001869
     44/99     7.95G   0.01999  0.006758  0.001851    0.0286        47       640    0.9854    0.9709    0.9916    0.8867   0.01285   0.01208  0.001857
     45/99     7.95G   0.01997  0.006764  0.001835   0.02857        46       640    0.9854    0.9708    0.9917    0.8869   0.01283   0.01209  0.001844
     46/99     7.95G   0.01986  0.006695    0.0018   0.02836        51       640     0.986    0.9703    0.9917    0.8869    0.0128    0.0121  0.001832
     47/99     7.95G   0.01961  0.006592  0.001684   0.02789        49       640    0.9847    0.9708    0.9917    0.8868   0.01277   0.01211   0.00182
     48/99     7.95G   0.01944  0.006582  0.001708   0.02773        46       640    0.9865    0.9689    0.9917     0.887   0.01274   0.01212  0.001809
     49/99     7.95G    0.0194  0.006572  0.001718   0.02769        45       640    0.9868    0.9687    0.9917    0.8871   0.01271   0.01213  0.001797
     50/99     7.95G   0.01931  0.006556  0.001716   0.02758        47       640    0.9865    0.9691    0.9917     0.888   0.01268   0.01214  0.001784
     51/99     7.95G   0.01911  0.006471  0.001619    0.0272        56       640    0.9868    0.9686    0.9918     0.888   0.01265   0.01214  0.001768
     52/99     7.95G   0.01909  0.006501  0.001599    0.0272        36       640    0.9862    0.9693    0.9919     0.888   0.01263   0.01215  0.001754
     53/99     7.95G   0.01898  0.006439  0.001604   0.02702        55       640    0.9863    0.9695    0.9918    0.8886    0.0126   0.01216   0.00174
     54/99     7.95G   0.01874  0.006432  0.001663   0.02683        48       640    0.9862      0.97     0.992    0.8888   0.01257   0.01216  0.001726
     55/99     7.95G   0.01863  0.006366  0.001506   0.02651        41       640     0.987    0.9695     0.992    0.8893   0.01253   0.01217   0.00171
     56/99     7.95G   0.01848  0.006281  0.001484   0.02625        41       640    0.9871    0.9696     0.992    0.8892   0.01249   0.01217  0.001694
     57/99     7.95G    0.0184  0.006293  0.001465   0.02615        46       640    0.9876    0.9693    0.9921    0.8895   0.01247   0.01218  0.001681
     58/99     7.95G   0.01831  0.006278  0.001487   0.02608        62       640    0.9877    0.9691    0.9921    0.8896   0.01244   0.01219  0.001666
     59/99     7.95G   0.01814  0.006226  0.001449   0.02581        38       640    0.9878    0.9692    0.9921    0.8903   0.01241    0.0122  0.001651
     60/99     7.95G     0.018  0.006191  0.001446   0.02564        55       640    0.9879    0.9692    0.9921    0.8908   0.01238   0.01221  0.001636
     61/99     7.95G   0.01795  0.006161  0.001475   0.02559        56       640    0.9877    0.9692    0.9921     0.891   0.01236   0.01222  0.001623
     62/99     7.95G    0.0177  0.006089  0.001356   0.02515        31       640    0.9877    0.9691    0.9922    0.8915   0.01234   0.01224  0.001609
     63/99     7.95G   0.01763  0.006044  0.001359   0.02504        44       640    0.9867    0.9702    0.9923    0.8919   0.01231   0.01225  0.001596
     64/99     7.95G   0.01763  0.006066  0.001412   0.02511        47       640    0.9866    0.9703    0.9923     0.892   0.01228   0.01226  0.001582
     65/99     7.95G   0.01736  0.005951  0.001305   0.02462        50       640    0.9871    0.9701    0.9923    0.8923   0.01225   0.01228  0.001568
     66/99     7.95G   0.01726  0.005999  0.001318   0.02458        29       640    0.9872    0.9699    0.9924    0.8924   0.01223   0.01229  0.001553
     67/99     7.95G   0.01718  0.005981  0.001278   0.02444        40       640    0.9883    0.9695    0.9924    0.8926    0.0122    0.0123  0.001538
     68/99     7.95G   0.01701  0.005885  0.001214   0.02411        42       640    0.9883    0.9697    0.9925    0.8929   0.01217   0.01232  0.001526
     69/99     7.95G   0.01678   0.00582  0.001117   0.02372        50       640    0.9885    0.9694    0.9925    0.8936   0.01214   0.01233  0.001512
     70/99     7.95G   0.01671  0.005773  0.001205   0.02369        54       640    0.9886    0.9694    0.9925    0.8935   0.01212   0.01235  0.001498
     71/99     7.95G   0.01651  0.005736  0.001093   0.02334        39       640    0.9885    0.9696    0.9926    0.8936   0.01209   0.01237  0.001485
     72/99     7.95G   0.01659  0.005767  0.001146    0.0235        53       640    0.9882    0.9701    0.9926    0.8938   0.01205   0.01239  0.001472
     73/99     7.95G   0.01635  0.005678  0.001069    0.0231        33       640    0.9856    0.9731    0.9927    0.8938   0.01203   0.01241  0.001458
     74/99     7.95G   0.01624  0.005663  0.001139   0.02304        42       640    0.9856    0.9736    0.9927    0.8944     0.012   0.01243  0.001443
     75/99     7.95G   0.01617  0.005652  0.001119   0.02294        47       640    0.9865     0.973    0.9927    0.8947   0.01197   0.01245   0.00143
     76/99     7.95G   0.01599  0.005562  0.001045    0.0226        45       640    0.9868    0.9731    0.9928    0.8949   0.01194   0.01247  0.001416
     77/99     7.95G   0.01599  0.005556  0.001084   0.02264        44       640    0.9874    0.9726    0.9929    0.8954   0.01191   0.01249  0.001402
     78/99     7.95G   0.01577  0.005516  0.001023   0.02231        45       640    0.9877    0.9728    0.9929    0.8958   0.01188   0.01251  0.001388
     79/99     7.95G    0.0157  0.005469 0.0009758   0.02214        51       640    0.9879    0.9724     0.993    0.8966   0.01185   0.01254  0.001375
     80/99     7.95G   0.01564   0.00545  0.001005    0.0221        40       640    0.9885    0.9724     0.993    0.8972   0.01182   0.01256  0.001362
     81/99     7.95G   0.01547  0.005438 0.0009581   0.02187        33       640    0.9882     0.973    0.9931    0.8972   0.01179   0.01259  0.001348
     82/99     7.95G   0.01541  0.005443 0.0009374   0.02179        54       640    0.9887    0.9728    0.9931    0.8972   0.01176   0.01261  0.001334
     83/99     7.95G   0.01523  0.005365 0.0009414   0.02153        27       640    0.9887    0.9728    0.9931    0.8973   0.01172   0.01264   0.00132
     84/99     7.95G   0.01518  0.005333 0.0009162   0.02143        58       640    0.9892    0.9726    0.9932    0.8976   0.01169   0.01267  0.001306
     85/99     7.95G   0.01493  0.005275 0.0009171   0.02113        47       640     0.987     0.975    0.9932    0.8979   0.01166    0.0127  0.001293
     86/99     7.95G   0.01498   0.00529 0.0009187   0.02119        44       640    0.9889    0.9735    0.9932    0.8986   0.01163   0.01273  0.001279
     87/99     7.95G   0.01498  0.005323 0.0009385   0.02124        38       640     0.989    0.9734    0.9937    0.8989    0.0116   0.01276  0.001266
     88/99     7.95G   0.01477  0.005234 0.0008654   0.02087        40       640    0.9897    0.9732    0.9937    0.8991   0.01156   0.01279  0.001252
     89/99     7.95G   0.01475  0.005212 0.0008866   0.02085        42       640    0.9906    0.9729    0.9937    0.8994   0.01153   0.01283  0.001239
     90/99     7.95G   0.01463  0.005134 0.0008309   0.02059        41       640    0.9901    0.9737    0.9938    0.9002    0.0115   0.01286  0.001225
     91/99     7.95G   0.01459   0.00516 0.0007915   0.02054        48       640      0.99    0.9735    0.9938    0.9006   0.01146   0.01289  0.001211
     92/99     7.95G   0.01463   0.00517 0.0008578   0.02065        44       640    0.9897    0.9742    0.9939    0.9008   0.01143   0.01292  0.001198
     93/99     7.95G   0.01451  0.005146 0.0008345   0.02049        53       640    0.9897    0.9741    0.9939    0.9012   0.01139   0.01296  0.001185
     94/99     7.95G   0.01438  0.005105 0.0008157    0.0203        37       640    0.9903    0.9737    0.9939    0.9014   0.01136   0.01299  0.001171
     95/99     7.95G   0.01441  0.005057 0.0008077   0.02028        60       640    0.9901     0.974    0.9938     0.902   0.01133   0.01303  0.001158
     96/99     7.95G   0.01438  0.005113 0.0008295   0.02033        47       640    0.9907    0.9735    0.9938    0.9022   0.01129   0.01306  0.001145
     97/99     7.95G   0.01431  0.005077  0.000801   0.02018        44       640    0.9919    0.9725    0.9938    0.9025   0.01126    0.0131  0.001132
     98/99     7.95G   0.01427  0.005051    0.0008   0.02012        46       640    0.9926    0.9722    0.9938    0.9027   0.01122   0.01314   0.00112
     99/99     7.95G   0.01427  0.005064 0.0008098   0.02014        34       640    0.9927    0.9723    0.9938    0.9033   0.01119   0.01317  0.001107
