      0/99     1.02G   0.04692   0.01132   0.02026    0.0785        43       640     0.936    0.8476    0.9321    0.5938   0.04597   0.01157   0.01782
      1/99     6.28G   0.03333  0.009232  0.006747   0.04931        52       640    0.9577     0.894    0.9585    0.7022   0.03617   0.01149   0.01179
      2/99     6.86G   0.03275   0.00907  0.005763   0.04758        41       640    0.9399    0.9236    0.9605    0.7247   0.03518   0.01122  0.009884
      3/99     6.86G   0.03042  0.008951  0.005337   0.04471        42       640    0.9507    0.9393    0.9719    0.7754   0.02995   0.01143  0.008763
      4/99     6.87G   0.02714  0.008537   0.00424   0.03992        40       640    0.9771    0.9361    0.9831    0.7901    0.0274   0.01101  0.007648
      5/99     6.87G   0.02536  0.008248  0.003518   0.03712        49       640    0.9838    0.9353    0.9837    0.8044   0.02623   0.01093  0.007059
      6/99     6.87G   0.02459  0.008064  0.003249   0.03591        59       640    0.9692    0.9377    0.9806    0.8164   0.02309   0.01134   0.00652
      7/99     6.87G   0.02396  0.008051  0.003079   0.03509        61       640    0.9701    0.9465    0.9858    0.8224   0.02203   0.01103   0.00565
      8/99     6.87G   0.02331  0.007854  0.002877   0.03404        40       640    0.9728    0.9526    0.9867     0.838   0.01939   0.01154  0.005077
      9/99     6.87G   0.02295  0.007769  0.002746   0.03346        55       640    0.9843    0.9446    0.9872    0.8398   0.01876   0.01128  0.004951
     10/99     6.87G   0.02263  0.007652   0.00266   0.03294        37       640    0.9744    0.9662    0.9875    0.8437   0.01792   0.01153  0.004727
     11/99     6.87G   0.02226  0.007518  0.002492   0.03227        42       640     0.982    0.9557    0.9883    0.8493   0.01727   0.01153  0.004584
     12/99     6.87G   0.02191  0.007355  0.002382   0.03165        62       640    0.9818    0.9538    0.9885    0.8513   0.01675   0.01147  0.004226
     13/99     6.87G   0.02159  0.007265  0.002372   0.03122        51       640    0.9805    0.9553    0.9895    0.8542   0.01598   0.01132  0.004166
     14/99     6.87G    0.0215  0.007223  0.002372    0.0311        35       640    0.9874    0.9535    0.9895    0.8544   0.01551   0.01135  0.003981
     15/99     6.87G   0.02136  0.007187  0.002352    0.0309        47       640    0.9749     0.964    0.9887    0.8617     0.016   0.01129  0.003825
     16/99     6.87G   0.02126  0.007072  0.002286   0.03062        50       640    0.9828    0.9621    0.9889     0.862   0.01579   0.01138  0.003666
     17/99     6.87G    0.0211  0.007008  0.002223   0.03033        39       640     0.981    0.9593      0.99    0.8625    0.0151   0.01145  0.003605
     18/99     6.87G   0.02103  0.006957  0.002232   0.03022        38       640    0.9898    0.9592      0.99    0.8664   0.01469   0.01159   0.00348
     19/99     6.87G    0.0209  0.006897  0.002281   0.03008        41       640    0.9849    0.9615    0.9906    0.8687   0.01456   0.01152  0.003339
     20/99     6.87G   0.02084  0.006864  0.002229   0.02993        44       640    0.9782    0.9643    0.9907    0.8708   0.01461   0.01166  0.003316
     21/99     6.87G   0.02075  0.006886  0.002214   0.02985        42       640    0.9783    0.9647    0.9905    0.8714    0.0144    0.0117  0.003163
     22/99     6.87G   0.02054  0.006793  0.002188   0.02952        47       640    0.9843    0.9664    0.9908    0.8745   0.01413   0.01171  0.003102
     23/99     6.87G   0.02043  0.006722  0.002075   0.02923        35       640    0.9883    0.9596    0.9909    0.8748   0.01398   0.01181  0.003017
     24/99     6.87G   0.02026  0.006796  0.002084   0.02914        56       640    0.9904    0.9594    0.9911    0.8759    0.0138    0.0119  0.002928
     25/99     6.87G   0.02024  0.006672  0.002124   0.02904        50       640    0.9906    0.9626    0.9907    0.8766   0.01356   0.01195  0.002812
     26/99     6.87G   0.01997  0.006653  0.001993   0.02862        56       640    0.9886    0.9657    0.9913    0.8798   0.01342   0.01193  0.002716
     27/99     6.87G   0.01996  0.006639  0.001993   0.02859        46       640    0.9907     0.965    0.9913    0.8817   0.01327   0.01193  0.002574
     28/99     6.87G   0.01978  0.006585  0.001957   0.02833        58       640     0.988     0.967    0.9912    0.8831   0.01329   0.01194  0.002514
     29/99     6.87G   0.01961  0.006551  0.001963   0.02813        55       640    0.9864     0.969    0.9914    0.8839   0.01314   0.01202   0.00246
     30/99     6.87G   0.01971  0.006586  0.002026   0.02833        41       640     0.984    0.9705    0.9912    0.8842   0.01309   0.01203    0.0024
     31/99     6.87G   0.01953  0.006508  0.001846   0.02789        51       640    0.9854    0.9702    0.9917     0.885   0.01304   0.01204  0.002365
     32/99     6.87G   0.01944  0.006502  0.001892   0.02783        70       640    0.9862    0.9696    0.9919     0.886   0.01298   0.01206  0.002309
     33/99     6.87G   0.01929  0.006385  0.001784   0.02746        31       640    0.9868    0.9697    0.9921    0.8862   0.01289   0.01208  0.002263
     34/99     6.87G   0.01917  0.006398  0.001854   0.02742        38       640    0.9864      0.97    0.9921    0.8878   0.01281   0.01209  0.002216
     35/99     6.87G   0.01922  0.006411   0.00188   0.02751        51       640    0.9878    0.9689    0.9921    0.8871   0.01275   0.01211  0.002179
     36/99     6.87G   0.01919  0.006396  0.001877   0.02746        49       640    0.9891    0.9685    0.9922    0.8884   0.01272   0.01212  0.002142
     37/99     6.87G   0.01896  0.006324  0.001771   0.02705        69       640    0.9893    0.9683    0.9922    0.8884   0.01269   0.01214  0.002109
     38/99     6.87G   0.01899  0.006328  0.001894   0.02721        25       640     0.989    0.9686    0.9922    0.8893   0.01266   0.01214  0.002079
     39/99     6.87G   0.01877  0.006239  0.001747   0.02676        49       640    0.9894    0.9682    0.9922    0.8903   0.01264   0.01215  0.002055
     40/99     6.87G   0.01854  0.006192  0.001685   0.02642        53       640    0.9898    0.9676    0.9922      0.89   0.01262   0.01216  0.002032
     41/99     6.87G   0.01852  0.006185  0.001694    0.0264        56       640     0.985    0.9719    0.9922    0.8896   0.01259   0.01218  0.002009
     42/99     6.87G   0.01837  0.006165  0.001702   0.02623        31       640    0.9843    0.9728    0.9924    0.8898   0.01258   0.01219  0.001992
     43/99     6.87G    0.0183  0.006105  0.001628   0.02603        53       640    0.9889    0.9683    0.9924    0.8899   0.01256    0.0122  0.001968
     44/99     6.87G    0.0184  0.006098  0.001698   0.02619        57       640    0.9893    0.9676    0.9923    0.8901   0.01254   0.01222  0.001946
     45/99     6.87G   0.01808  0.006053  0.001594   0.02572        55       640    0.9898    0.9675    0.9923    0.8907   0.01251   0.01223  0.001925
     46/99     6.87G   0.01802  0.006023  0.001636   0.02568        52       640    0.9898    0.9676    0.9923    0.8908   0.01247   0.01224  0.001904
     47/99     6.87G   0.01786   0.00596  0.001558   0.02537        53       640    0.9897     0.968    0.9923    0.8911   0.01244   0.01225  0.001885
     48/99     6.87G   0.01785  0.005951   0.00155   0.02535        51       640    0.9897    0.9682    0.9923    0.8915   0.01241   0.01227   0.00187
     49/99     6.87G   0.01769   0.00587  0.001516   0.02508        54       640    0.9826    0.9757    0.9925    0.8919   0.01239   0.01229  0.001854
     50/99     6.87G   0.01758  0.005902   0.00149   0.02497        52       640    0.9828    0.9757    0.9925    0.8916   0.01237   0.01231  0.001836
     51/99     6.87G   0.01747  0.005859   0.00148    0.0248        62       640     0.983     0.976    0.9926    0.8919   0.01234   0.01232  0.001821
     52/99     6.87G   0.01736  0.005843  0.001469   0.02467        60       640     0.989    0.9699    0.9926    0.8925   0.01231   0.01234  0.001806
     53/99     6.87G   0.01742  0.005798  0.001506   0.02472        60       640    0.9883    0.9709    0.9927    0.8933   0.01229   0.01235  0.001791
     54/99     6.87G   0.01729  0.005812  0.001535   0.02464        50       640    0.9887     0.971    0.9927    0.8938   0.01227   0.01236  0.001776
     55/99     6.87G    0.0171  0.005756  0.001393   0.02425        50       640    0.9894    0.9703    0.9928     0.894   0.01225   0.01237  0.001761
     56/99     6.87G   0.01692  0.005697  0.001353   0.02397        36       640    0.9914    0.9681    0.9926    0.8942   0.01224   0.01239  0.001747
     57/99     6.87G   0.01675  0.005676  0.001311   0.02374        45       640    0.9913    0.9689    0.9927    0.8941   0.01222   0.01241  0.001732
     58/99     6.87G   0.01674  0.005641  0.001263   0.02364        59       640    0.9923    0.9686    0.9927    0.8946   0.01219   0.01242  0.001716
     59/99     6.87G   0.01653   0.00558  0.001289    0.0234        64       640    0.9924    0.9684    0.9927    0.8949   0.01216   0.01244  0.001701
     60/99     6.87G   0.01638   0.00556  0.001306   0.02324        49       640    0.9924    0.9686    0.9927    0.8954   0.01214   0.01245  0.001687
     61/99     6.87G   0.01635  0.005545  0.001305    0.0232        38       640    0.9924    0.9692    0.9927    0.8961   0.01211   0.01247  0.001673
     62/99     6.87G   0.01622   0.00549  0.001249   0.02296        56       640    0.9926    0.9693    0.9927    0.8963   0.01209   0.01249  0.001659
     63/99     6.87G   0.01608  0.005459  0.001247   0.02279        59       640    0.9921    0.9703    0.9928    0.8967   0.01206    0.0125  0.001645
     64/99     6.87G   0.01589  0.005437  0.001218   0.02255        42       640    0.9924    0.9701    0.9928    0.8969   0.01202   0.01253  0.001631
     65/99     6.87G    0.0158  0.005394  0.001182   0.02238        42       640    0.9924      0.97    0.9929    0.8974     0.012   0.01255  0.001617
     66/99     6.87G   0.01569   0.00537  0.001157   0.02222        59       640    0.9913     0.971    0.9929    0.8976   0.01197   0.01257  0.001601
     67/99     6.87G   0.01563  0.005339  0.001123   0.02209        29       640    0.9931    0.9694    0.9929    0.8979   0.01195   0.01259  0.001588
     68/99     6.87G   0.01537  0.005268  0.001108   0.02175        33       640     0.993    0.9697    0.9929    0.8986   0.01192   0.01261  0.001574
     69/99     6.87G   0.01534  0.005249  0.001083   0.02168        38       640    0.9934    0.9694     0.993    0.8989   0.01189   0.01264  0.001559
     70/99     6.87G   0.01529  0.005246  0.001147   0.02168        67       640    0.9936    0.9694     0.993    0.8988   0.01186   0.01267  0.001545
     71/99     6.87G   0.01511  0.005201  0.001107   0.02142        34       640     0.994     0.969    0.9932    0.8995   0.01183    0.0127  0.001531
     72/99     6.87G   0.01498  0.005144  0.001075    0.0212        55       640    0.9937    0.9693    0.9932    0.8999   0.01181   0.01272  0.001516
     73/99     6.87G   0.01492   0.00514  0.001042    0.0211        57       640    0.9945    0.9691    0.9932    0.9002   0.01178   0.01275  0.001501
     74/99     6.87G    0.0148  0.005101  0.001031   0.02093        61       640    0.9942    0.9694    0.9932    0.9006   0.01175   0.01279  0.001489
     75/99     6.87G   0.01462  0.005048  0.001043   0.02072        48       640    0.9951    0.9688    0.9932    0.9006   0.01172   0.01282  0.001475
     76/99     6.87G   0.01455  0.005016  0.001008   0.02057        49       640    0.9949    0.9695    0.9937    0.9014   0.01169   0.01285  0.001461
     77/99     6.87G   0.01445  0.004993  0.001011   0.02046        30       640     0.995    0.9695    0.9937    0.9016   0.01166   0.01288  0.001448
     78/99     6.87G   0.01431  0.004961 0.0009643   0.02023        46       640    0.9946    0.9698    0.9937    0.9016   0.01163   0.01291  0.001434
     79/99     6.87G   0.01418  0.004934 0.0009553   0.02007        55       640    0.9951    0.9694    0.9937     0.902    0.0116   0.01294   0.00142
     80/99     6.87G   0.01401  0.004886 0.0008951   0.01979        38       640    0.9949      0.97    0.9937    0.9021   0.01157   0.01298  0.001406
     81/99     6.87G   0.01393  0.004856 0.0008693   0.01966        39       640    0.9949    0.9704    0.9936    0.9026   0.01155   0.01301  0.001392
     82/99     6.87G   0.01389  0.004803 0.0008714   0.01956        48       640    0.9947    0.9708    0.9936    0.9031   0.01152   0.01305  0.001379
     83/99     6.87G   0.01375  0.004792 0.0009201   0.01946        55       640    0.9946    0.9714    0.9936     0.903   0.01149   0.01309  0.001366
     84/99     6.87G   0.01369  0.004744 0.0008994   0.01934        45       640    0.9953    0.9707    0.9937    0.9034   0.01146   0.01312  0.001352
     85/99     6.87G   0.01356  0.004758 0.0008598   0.01918        45       640    0.9948    0.9711    0.9937    0.9032   0.01143   0.01316  0.001338
     86/99     6.87G   0.01352   0.00473 0.0008682   0.01912        46       640    0.9946    0.9714    0.9937    0.9038   0.01139    0.0132  0.001325
     87/99     6.87G   0.01345  0.004668 0.0008055   0.01892        57       640    0.9882    0.9784    0.9938     0.904   0.01137   0.01324   0.00131
     88/99     6.87G   0.01332  0.004684 0.0008316   0.01883        54       640    0.9883    0.9785    0.9938    0.9046   0.01133   0.01328  0.001296
     89/99     6.87G    0.0133  0.004618 0.0007982   0.01872        44       640    0.9889    0.9785    0.9938     0.905    0.0113   0.01332  0.001283
     90/99     6.87G   0.01325  0.004625 0.0008243    0.0187        60       640    0.9884    0.9794    0.9938    0.9053   0.01127   0.01336  0.001269
     91/99     6.87G   0.01318   0.00459 0.0008023   0.01857        44       640    0.9895    0.9785    0.9939    0.9062   0.01124    0.0134  0.001256
     92/99     6.87G   0.01304  0.004499 0.0007663   0.01831        38       640    0.9897    0.9788    0.9939    0.9068    0.0112   0.01344  0.001242
     93/99     6.87G   0.01303  0.004558 0.0008038    0.0184        38       640    0.9893    0.9794    0.9939    0.9066   0.01117   0.01348   0.00123
     94/99     6.87G   0.01295  0.004537 0.0007815   0.01827        53       640    0.9899     0.979    0.9939    0.9072   0.01113   0.01353  0.001218
     95/99     6.87G   0.01291  0.004522  0.000775   0.01821        38       640      0.99    0.9792     0.994    0.9077    0.0111   0.01357  0.001206
     96/99     6.87G   0.01288  0.004511  0.000756   0.01814        46       640    0.9918    0.9777     0.994     0.908   0.01107   0.01362  0.001193
     97/99     6.87G   0.01281  0.004472  0.000773   0.01805        38       640     0.992     0.978     0.994    0.9085   0.01104   0.01366  0.001182
     98/99     6.87G   0.01288  0.004506 0.0007532   0.01814        37       640    0.9921     0.978     0.994    0.9092     0.011   0.01371   0.00117
     99/99     6.87G   0.01286  0.004495 0.0007778   0.01814        41       640    0.9913    0.9787     0.994    0.9095   0.01098   0.01375  0.001159
