      0/99    0.489G   0.06515   0.02322   0.02891    0.1173        52       640    0.9406   0.04704   0.02954  0.007289   0.08641   0.03704   0.03297
      1/99     6.43G   0.05408   0.01883   0.01005   0.08297        45       640    0.7145    0.2336    0.2122   0.07846   0.07549   0.03345   0.02856
      2/99     6.43G   0.04497   0.01846  0.007675   0.07111        46       640    0.9031     0.238    0.3151    0.1302   0.06591   0.03287   0.02583
      3/99     6.43G   0.04018   0.01814  0.006463   0.06478        39       640    0.4168    0.4384    0.3693    0.1517   0.06104   0.03227     0.024
      4/99     6.43G    0.0373   0.01744  0.005497   0.06023        36       640    0.7345     0.465    0.4386    0.1981   0.05821    0.0331   0.02304
      5/99     6.43G   0.03527   0.01696   0.00501   0.05724        55       640    0.7776    0.4855    0.5582    0.2401   0.05385    0.0319   0.02232
      6/99     6.43G   0.03796   0.01648  0.004982   0.05942        46       640    0.8528    0.3719    0.4505    0.2181   0.07148   0.02983   0.02334
      7/99     6.43G   0.04167   0.01584  0.006322   0.06384        38       640    0.8207    0.3568    0.4245    0.2227   0.05902    0.0389   0.02157
      8/99     6.43G    0.0365   0.01649  0.005409    0.0584        50       640    0.8621    0.5145     0.545     0.289   0.05385   0.03433   0.02056
      9/99     6.43G   0.03318   0.01587  0.004335   0.05338        33       640    0.8993    0.5341    0.5832     0.311    0.0498   0.03493   0.02072
     10/99     6.43G   0.03194   0.01561  0.003982   0.05153        39       640      0.87      0.53    0.5773    0.2967   0.04926   0.03561   0.02065
     11/99     6.43G    0.0308   0.01549  0.003571   0.04986        36       640    0.9486    0.5373    0.6177    0.3556   0.04686   0.03661   0.02048
     12/99     6.43G   0.03035   0.01497  0.003529   0.04886        61       640    0.9077    0.5705    0.6493    0.3539   0.04756   0.03727   0.01999
     13/99     6.43G   0.02994   0.01469  0.003323   0.04795        39       640    0.7043    0.6388    0.6819    0.4149   0.04635   0.03754   0.02007
     14/99     6.43G   0.02924   0.01469  0.002981   0.04691        38       640    0.7041    0.6567    0.6698    0.3976   0.04494   0.03755   0.01989
     15/99     6.43G   0.02926   0.01455  0.003071   0.04688        50       640    0.7832    0.6342    0.7054    0.3813   0.04659   0.03769   0.01988
     16/99     6.43G   0.02857   0.01439  0.002956   0.04592        41       640    0.8431    0.6521    0.7304    0.3989   0.04468    0.0377   0.01958
     17/99     6.43G   0.02821   0.01438  0.002821   0.04541        33       640    0.8076    0.6604    0.6914    0.4016    0.0439   0.03772   0.01902
     18/99     6.43G   0.02781   0.01426  0.002632    0.0447        58       640    0.7643    0.7285    0.7394    0.4492   0.04462   0.03752   0.01909
     19/99     6.43G   0.02755     0.014  0.002658   0.04421        42       640     0.768    0.6907    0.7407     0.436   0.04318   0.03791   0.01926
     20/99     6.44G   0.02738   0.01403  0.002633   0.04405        36       640     0.828    0.6239    0.7209     0.404   0.04386   0.03899   0.01917
     21/99     6.44G   0.02714   0.01398  0.002442   0.04355        41       640    0.7775    0.6878     0.708    0.4186   0.04294   0.03866   0.01882
     22/99     6.44G   0.02698   0.01378  0.002469   0.04323        49       640    0.7287    0.7324    0.7417    0.4468   0.04314   0.03892   0.01863
     23/99     6.44G   0.02677   0.01393  0.002421   0.04312        48       640    0.7389    0.7045    0.7489    0.4494   0.04254   0.03857   0.01849
     24/99     6.44G   0.02657   0.01376  0.002374   0.04271        32       640    0.8633     0.702    0.7344    0.4397   0.04216   0.03826   0.01817
     25/99     6.44G   0.02661   0.01365  0.002388   0.04265        36       640    0.8688    0.6795    0.7541    0.4746   0.04118   0.03928   0.01842
     26/99     6.44G   0.02627   0.01356  0.002328   0.04215        40       640    0.7911    0.6811    0.7372     0.467   0.04106   0.03966   0.01784
     27/99     6.44G   0.02601   0.01344  0.002175   0.04162        43       640    0.7534     0.775    0.7692    0.5007   0.04096   0.04123   0.01805
     28/99     6.44G   0.02603   0.01338  0.002104   0.04151        26       640     0.771    0.7229    0.7851    0.5025   0.04009   0.03892   0.01762
     29/99     6.44G   0.02542   0.01321  0.001994   0.04063        54       640    0.8439    0.7374    0.7869     0.479    0.0402   0.03976   0.01787
     30/99     6.44G   0.02574   0.01343  0.001987   0.04115        34       640    0.8093    0.7396    0.7577    0.4596   0.04002   0.03935   0.01818
     31/99     6.44G   0.02544   0.01341  0.001934   0.04078        39       640     0.803    0.7244    0.7929    0.5108   0.03998   0.03985   0.01777
     32/99     6.44G   0.02504   0.01318  0.001871   0.04009        35       640    0.8199    0.7551    0.7964    0.4978   0.03951   0.04018   0.01767
     33/99     6.44G   0.02516   0.01305  0.001866   0.04008        44       640    0.8132    0.7462     0.783    0.5074   0.03928   0.03933   0.01747
     34/99     6.44G   0.02492    0.0131  0.001845   0.03986        27       640    0.8021    0.7504    0.7815    0.4845   0.03918    0.0406   0.01729
     35/99     6.44G   0.02461   0.01291  0.001806   0.03933        44       640    0.8249    0.7374    0.7992    0.5187   0.03881   0.04044   0.01751
     36/99     6.44G    0.0245   0.01298  0.001737   0.03923        31       640    0.6724     0.822    0.7973    0.5134   0.03926   0.04053    0.0175
     37/99     6.44G   0.02435   0.01295  0.001716   0.03901        29       640    0.6962    0.8949    0.8268    0.5034   0.03865   0.04028   0.01717
     38/99     6.44G   0.02437   0.01285  0.001653   0.03887        41       640    0.7421    0.8296    0.8434    0.5205   0.03831   0.04131   0.01727
     39/99     6.44G   0.02386   0.01293  0.001641   0.03844        58       640    0.7849    0.8364    0.8534    0.5448   0.03835   0.03972   0.01665
     40/99     6.44G   0.02394   0.01266   0.00159   0.03819        31       640    0.8267     0.877    0.8889    0.5759   0.03788   0.04027   0.01682
     41/99     6.44G   0.02388   0.01265  0.001568    0.0381        44       640    0.7567    0.9022    0.8604    0.5767   0.03773    0.0405   0.01687
     42/99     6.44G   0.02361   0.01281  0.001478   0.03789        48       640    0.8504    0.8767    0.8924    0.5984   0.03746   0.04053   0.01693
     43/99     6.44G   0.02357   0.01279  0.001512   0.03787        54       640    0.8441    0.8627    0.8673    0.5768   0.03741   0.04102    0.0167
     44/99     6.44G   0.02338   0.01252  0.001448   0.03735        28       640    0.7691    0.8814    0.8706    0.5493   0.03741   0.04137   0.01679
     45/99     6.44G    0.0232   0.01271  0.001406   0.03731        46       640    0.7837    0.8411     0.861    0.5656   0.03728   0.04088   0.01669
     46/99     6.44G   0.02309   0.01256   0.00143   0.03708        46       640    0.7967    0.9038    0.8748    0.5511   0.03701   0.04063   0.01667
     47/99     6.44G   0.02293   0.01242  0.001402   0.03675        35       640    0.7809    0.8951    0.8799    0.5844   0.03692   0.04042   0.01633
     48/99     6.44G    0.0229   0.01236  0.001361   0.03662        36       640    0.8106    0.8357    0.8603    0.5683   0.03701   0.04064   0.01631
     49/99     6.44G   0.02256   0.01234  0.001257   0.03616        53       640    0.8147    0.9023    0.8831    0.5651   0.03688   0.04068   0.01632
     50/99     6.44G   0.02256   0.01236  0.001294   0.03621        52       640    0.8397    0.8677    0.8911    0.5712   0.03688   0.04099   0.01612
     51/99     6.44G   0.02248   0.01247  0.001259   0.03621        49       640     0.877    0.8207    0.8886    0.5519   0.03676   0.04163   0.01613
     52/99     6.44G   0.02236   0.01214  0.001252   0.03575        38       640    0.8448    0.9106    0.9082    0.5766   0.03686   0.04043   0.01591
     53/99     6.44G   0.02236   0.01231  0.001207   0.03588        38       640    0.9019    0.8535    0.9133    0.5755   0.03662   0.04044   0.01576
     54/99     6.44G   0.02201   0.01223  0.001174   0.03542        43       640    0.9204     0.886    0.9208    0.5999   0.03621   0.04061    0.0156
     55/99     6.44G   0.02218   0.01207  0.001161   0.03542        39       640    0.8461    0.8549    0.9018    0.5908   0.03633   0.04073   0.01551
     56/99     6.44G   0.02201   0.01193  0.001172   0.03512        35       640    0.8856     0.872    0.9046    0.5632   0.03621   0.04132   0.01572
     57/99     6.44G    0.0218   0.01197  0.001145   0.03492        33       640     0.822    0.9245    0.9133    0.5955   0.03628   0.04148   0.01579
     58/99     6.44G   0.02169   0.01201  0.001076   0.03477        30       640    0.9123    0.8799    0.9371    0.6159    0.0363   0.04038   0.01524
     59/99     6.44G   0.02162     0.012   0.00108    0.0347        55       640    0.9042     0.889    0.9158    0.6243   0.03615   0.04023   0.01533
     60/99     6.44G   0.02135    0.0119  0.001072   0.03431        30       640    0.9287    0.8714    0.9237    0.6268   0.03591   0.04059   0.01504
     61/99     6.44G    0.0214   0.01184  0.001058    0.0343        43       640    0.8805     0.882    0.9152    0.6127   0.03593   0.04124   0.01513
     62/99     6.44G   0.02123   0.01167  0.001016   0.03392        39       640    0.9037     0.861    0.9172    0.6042   0.03579   0.04119   0.01505
     63/99     6.44G   0.02106   0.01175     0.001   0.03381        64       640    0.8777    0.9037    0.9292    0.6048   0.03583    0.0413   0.01486
     64/99     6.44G   0.02101   0.01169 0.0009635   0.03366        37       640    0.8972    0.9106    0.9366    0.6386   0.03572   0.04124   0.01487
     65/99     6.44G   0.02117   0.01166  0.001002   0.03383        60       640    0.9256     0.889    0.9287    0.5984   0.03567   0.04138   0.01482
     66/99     6.44G   0.02059   0.01147 0.0009064   0.03297        37       640    0.8946    0.8769    0.9284    0.6009   0.03563   0.04099   0.01466
     67/99     6.44G   0.02076   0.01147 0.0008706    0.0331        33       640    0.8997    0.8884    0.9329    0.6047   0.03547   0.04102    0.0145
     68/99     6.44G    0.0208    0.0114 0.0009331   0.03313        29       640    0.9093    0.9192    0.9382    0.6041   0.03548   0.04114   0.01427
     69/99     6.44G   0.02051   0.01138 0.0008804   0.03277        40       640    0.8757    0.8922    0.9254    0.6083   0.03535   0.04085    0.0142
     70/99     6.44G   0.02066   0.01134 0.0009024    0.0329        53       640    0.9018    0.9004    0.9394    0.6408   0.03532   0.04103   0.01407
     71/99     6.44G   0.02042   0.01148 0.0009022    0.0328        54       640    0.8849    0.9198    0.9425    0.6262   0.03537   0.04127   0.01412
     72/99     6.44G   0.02032   0.01148 0.0008796   0.03268        53       640    0.9131    0.8972    0.9435    0.6161    0.0353   0.04095   0.01411
     73/99     6.44G   0.02035   0.01142 0.0008637   0.03264        49       640    0.9068    0.9042    0.9534    0.6345   0.03529   0.04133   0.01401
     74/99     6.44G   0.02017   0.01128 0.0008079   0.03226        60       640    0.8823    0.9185    0.9392    0.6198   0.03527   0.04157   0.01389
     75/99     6.44G   0.02029   0.01121 0.0008174   0.03232        34       640    0.8918    0.9095    0.9376    0.6368   0.03533   0.04147   0.01403
     76/99     6.44G   0.02025   0.01135 0.0008323   0.03244        32       640    0.8982     0.896    0.9236    0.6059    0.0353    0.0413    0.0139
     77/99     6.44G   0.02001    0.0112 0.0007555   0.03197        48       640    0.8944    0.9165    0.9477    0.6262   0.03518   0.04166   0.01371
     78/99     6.44G   0.02001   0.01111   0.00087   0.03199        26       640    0.9382    0.8845    0.9465    0.6348   0.03518   0.04175   0.01394
     79/99     6.44G   0.01981   0.01119 0.0007519   0.03176        46       640    0.9176    0.9276    0.9536    0.6313   0.03512    0.0417   0.01369
     80/99     6.44G   0.01979   0.01123 0.0007073   0.03173        38       640    0.9045    0.9172     0.946    0.6318   0.03513   0.04158   0.01362
     81/99     6.44G   0.01971   0.01102 0.0007797    0.0315        43       640    0.9323    0.9108    0.9498    0.6455   0.03513   0.04149   0.01361
     82/99     6.44G   0.01957   0.01105  0.000752   0.03137        54       640      0.93    0.9044    0.9512    0.6669   0.03515   0.04185   0.01343
     83/99     6.44G   0.01953   0.01103 0.0007563   0.03132        37       640    0.9015    0.9211     0.951    0.6458   0.03516   0.04187   0.01338
     84/99     6.44G   0.01953   0.01102 0.0007633   0.03131        36       640    0.9139    0.9064    0.9454    0.6274   0.03505   0.04152   0.01341
     85/99     6.44G   0.01951   0.01095 0.0006857   0.03114        35       640    0.9099    0.9157     0.948    0.6487   0.03504   0.04173   0.01342
     86/99     6.44G    0.0195   0.01091  0.000684   0.03109        43       640    0.9287    0.9102    0.9476    0.6569   0.03498   0.04189   0.01348
     87/99     6.44G   0.01951   0.01094 0.0007064   0.03116        44       640     0.924    0.9034    0.9493    0.6295   0.03496   0.04207   0.01336
     88/99     6.44G   0.01942   0.01093 0.0007341   0.03109        37       640    0.9298    0.8965    0.9488    0.6527   0.03494   0.04189   0.01333
     89/99     6.44G   0.01936     0.011  0.000656   0.03102        39       640    0.9263    0.9019    0.9519    0.6331    0.0349   0.04183    0.0133
     90/99     6.44G   0.01936    0.0109 0.0007207   0.03097        42       640    0.9268    0.8996    0.9544    0.6588   0.03489   0.04166   0.01327
     91/99     6.44G   0.01942   0.01096 0.0007032   0.03108        34       640    0.9315    0.8946    0.9492    0.6321   0.03497   0.04196   0.01323
     92/99     6.44G   0.01916   0.01093 0.0006834   0.03077        37       640    0.8948    0.9175    0.9434    0.6305   0.03494     0.042   0.01324
     93/99     6.44G    0.0192   0.01094 0.0007148   0.03085        36       640    0.8968    0.9101    0.9499    0.6416    0.0349   0.04184   0.01319
     94/99     6.44G   0.01922   0.01085 0.0006881   0.03076        45       640    0.8989    0.9194    0.9461    0.6416   0.03494   0.04201    0.0132
     95/99     6.44G   0.01932   0.01085 0.0007145   0.03088        34       640    0.8962    0.9213     0.948    0.6401   0.03491   0.04193   0.01324
     96/99     6.44G   0.01933   0.01094 0.0006245    0.0309        40       640     0.926    0.9046    0.9501    0.6405   0.03494   0.04202   0.01323
     97/99     6.44G   0.01916   0.01079 0.0006642   0.03061        36       640    0.9242    0.9027    0.9529    0.6405   0.03488   0.04204    0.0132
     98/99     6.44G   0.01919   0.01094 0.0006908   0.03082        42       640    0.9243    0.9053    0.9549    0.6603   0.03489   0.04216   0.01321
     99/99     6.44G   0.01922   0.01096 0.0006722   0.03086        30       640    0.8848    0.9214    0.9509    0.6541   0.03489   0.04205   0.01321
