      0/99    0.422G   0.06674   0.02339   0.02986      0.12        52       640    0.9436   0.04121   0.03094  0.007501   0.08384   0.04121   0.03557
      0/99    0.568G   0.06483    0.0232   0.02899     0.117        52       640    0.9363   0.05627   0.02864  0.007789   0.09242   0.03422   0.03306
      0/99    0.619G   0.06984    0.0244   0.03251    0.1268        52       640    0.9576   0.04685   0.04518   0.01343   0.08239   0.05103   0.03495
      1/99     6.29G   0.05392   0.01842   0.01006    0.0824        45       640    0.8975    0.2079     0.263   0.09997   0.07299   0.03412   0.02912
      1/99     2.68G    0.0552   0.02068   0.01155   0.08744        45       640    0.6873    0.1925    0.1206   0.02635   0.07704   0.04013   0.03091
      1/99     6.13G    0.0542   0.01993   0.01618   0.09031        45       640    0.9726   0.06372   0.07379   0.03342   0.07462   0.04322   0.03168
      2/99     3.02G   0.04865   0.02097   0.00875   0.07837        46       640    0.8873    0.2159    0.2448   0.09371   0.06748    0.0435   0.02747
      2/99     6.29G   0.04438   0.01842   0.00788   0.07069        46       640    0.9288    0.2645    0.3219    0.1602    0.0621   0.03278   0.02631
      2/99     6.13G   0.04757   0.01832   0.01058   0.07647        46       640    0.8058    0.2449    0.2413   0.09729   0.07133   0.04077   0.03053
      3/99     6.13G   0.04387   0.01767  0.007915   0.06946        39       640    0.8753    0.2739    0.2952    0.1142   0.07164   0.03769   0.02941
      3/99     3.02G   0.04389   0.02058  0.007623   0.07209        39       640    0.8024    0.2712    0.2833    0.1367   0.06173   0.03836   0.02514
      3/99     6.29G   0.04029   0.01798  0.006633    0.0649        39       640    0.9122    0.3947     0.414    0.1687   0.06155   0.03395    0.0238
      4/99     6.13G    0.0407   0.01698  0.006541   0.06422        36       640    0.8917     0.309    0.3481    0.1581   0.06334   0.03798     0.028
      4/99     6.29G   0.03685   0.01728  0.005575    0.0597        36       640    0.7785    0.4629    0.4614    0.2215   0.05954   0.03211   0.02327
      4/99     3.02G    0.0417   0.01955  0.006536   0.06778        36       640    0.8435    0.3362    0.3562    0.1461   0.06589   0.03761   0.02375
      5/99     6.13G   0.03845   0.01664  0.006053   0.06115        55       640    0.8974    0.3356    0.3907    0.2151   0.05987   0.03701   0.02589
      5/99     6.29G   0.03518   0.01687  0.005083   0.05714        55       640    0.9069     0.421    0.4726    0.2264   0.05396   0.03187   0.02274
      5/99     3.02G   0.03989   0.01871  0.005942   0.06454        55       640    0.7705    0.3631    0.3739    0.1437   0.06056   0.03681   0.02305
      6/99     6.14G   0.03827   0.01618  0.005724   0.06018        46       640    0.9443    0.3398    0.4194    0.2185   0.05855   0.03652   0.02357
      6/99      6.3G   0.03623   0.01626  0.004844   0.05733        46       640    0.8095    0.4209    0.4334    0.2232    0.0576   0.03284   0.02275
      6/99     3.02G   0.04119   0.01788  0.005809   0.06488        46       640    0.7599    0.3214    0.3348    0.1444   0.07207   0.03268   0.02337
      7/99      6.3G   0.03878   0.01657  0.005393   0.06075        38       640    0.7844    0.4597    0.5018    0.2621   0.05426   0.03272   0.02189
      7/99     6.14G   0.03811   0.01632  0.005862   0.06029        38       640    0.9668    0.4235    0.4692    0.2753   0.05531   0.03674   0.02238
      7/99     3.02G   0.04243   0.01743  0.006191   0.06606        38       640    0.7709    0.4296    0.4222    0.1978   0.06614   0.03722   0.02214
      8/99      6.3G   0.03453   0.01623  0.004738   0.05549        50       640    0.8759    0.5384    0.5935    0.3195   0.04998    0.0359    0.0211
      8/99     6.14G   0.03508   0.01605   0.00534   0.05647        50       640    0.9081    0.4691    0.5093    0.3045    0.0525   0.03711    0.0216
      8/99     3.02G   0.03972   0.01748  0.005611   0.06282        50       640    0.8138    0.4429    0.4588    0.2013   0.06308   0.03693    0.0214
      9/99      6.3G   0.03282    0.0158  0.004286    0.0529        33       640     0.834    0.5227     0.543    0.2772      0.05   0.03534   0.02142
      9/99     6.14G   0.03284   0.01568  0.004779   0.05329        33       640    0.8428    0.5238    0.5388    0.3123   0.05015   0.03776   0.02099
      9/99     3.02G   0.03828   0.01722  0.005092   0.06059        33       640    0.8384    0.4744    0.4906    0.2467    0.0581   0.03664   0.02127
     10/99      6.3G   0.03142   0.01559   0.00391   0.05092        39       640    0.8111    0.5337    0.6053    0.3211    0.0475   0.03734   0.02117
     10/99     6.14G   0.03175    0.0155   0.00424   0.05149        39       640    0.8825    0.5113    0.5607    0.3413   0.04915   0.03653    0.0204
     10/99     3.02G   0.03674   0.01733  0.004751   0.05882        39       640     0.842    0.4692    0.5045      0.26   0.05262   0.04199   0.02059
     11/99      6.3G   0.03113   0.01543    0.0036   0.05016        36       640    0.9417    0.5623    0.6374    0.3715   0.04762    0.0368   0.02065
     11/99     6.14G   0.03056   0.01547  0.003847   0.04987        36       640    0.9031    0.5288     0.575    0.3371   0.04844   0.03674   0.01974
     11/99     3.02G   0.03606   0.01745  0.004475   0.05798        36       640    0.8497    0.4959    0.5396    0.2837   0.05005   0.04216   0.01987
     12/99      6.3G   0.03014   0.01482  0.003386   0.04834        61       640    0.9047    0.5728    0.7014    0.3754   0.04659   0.03752   0.02002
     12/99     6.14G   0.03021   0.01498  0.003491   0.04869        61       640    0.9497    0.5404    0.5912    0.3561   0.04845   0.03579   0.01935
     12/99     3.02G   0.03551     0.017  0.004262   0.05678        61       640    0.8669    0.4827    0.5431    0.2921   0.04861   0.04363   0.01961
     13/99      6.3G    0.0303   0.01465   0.00335    0.0483        39       640    0.8484    0.5927    0.6965    0.4036   0.04717   0.03688   0.02002
     13/99     6.14G   0.02932   0.01482  0.003391   0.04753        39       640    0.9412    0.5355    0.6013    0.3747   0.04782   0.03576   0.01932
     13/99     3.02G   0.03489   0.01667  0.004157   0.05572        39       640    0.9173    0.4854    0.5623     0.321   0.04816   0.04339   0.01945
     14/99      6.3G   0.02908   0.01461  0.002958   0.04666        38       640    0.8296    0.6048    0.6878    0.4104   0.04597   0.03621   0.01989
     14/99     6.14G   0.02856   0.01462  0.002976   0.04615        38       640    0.9469    0.5335    0.6115    0.3684   0.04652   0.03676   0.01913
     14/99     3.02G   0.03444   0.01657  0.003738   0.05475        38       640    0.8596    0.5256     0.577    0.3136   0.04752   0.04243   0.01941
     15/99      6.3G   0.02916   0.01453  0.003004    0.0467        50       640    0.6974    0.7135    0.7011    0.4078   0.04567   0.03794   0.02014
     15/99     6.14G   0.02823   0.01454   0.00288   0.04565        50       640    0.9527    0.5476     0.624    0.3906   0.04685   0.03627     0.019
     15/99     3.02G   0.03447   0.01659  0.003874   0.05493        50       640    0.8792    0.5174    0.5962     0.326   0.04594   0.04553   0.01892
     16/99      6.3G   0.02882   0.01438  0.002989   0.04619        41       640    0.8379    0.6245    0.7075    0.3956   0.04523   0.03844   0.01942
     16/99     3.02G    0.0341   0.01655  0.003703   0.05435        41       640    0.8532    0.5213    0.6016    0.3361   0.04675   0.04285   0.01878
     16/99     6.14G   0.02768   0.01441  0.002722   0.04481        41       640    0.9614    0.5443    0.6324    0.3866   0.04561   0.03598   0.01906
     17/99      6.3G   0.02834   0.01422  0.002789   0.04535        33       640     0.827    0.6465    0.7029    0.4199   0.04372   0.03836   0.01932
     17/99     6.14G   0.02748    0.0143  0.002672   0.04445        33       640    0.9219    0.5773     0.646    0.4016   0.04567   0.03617   0.01847
     17/99     3.02G   0.03382   0.01644  0.003637    0.0539        33       640    0.7768    0.5524    0.6041    0.3506   0.04628   0.04363   0.01829
     18/99      6.3G   0.02784   0.01422  0.002618   0.04467        58       640    0.7094    0.7136    0.7083    0.4235   0.04347   0.03785   0.01922
     18/99     6.14G    0.0272   0.01416  0.002503   0.04387        58       640    0.9181    0.5713    0.6528    0.4077   0.04516    0.0363   0.01868
     18/99     3.02G   0.03341   0.01634  0.003446    0.0532        58       640    0.7011     0.587      0.61    0.3294    0.0462   0.04314   0.01839
     19/99      6.3G   0.02756   0.01391  0.002639   0.04412        42       640    0.7777    0.6914     0.713    0.4494   0.04356   0.03755   0.01922
     19/99     6.14G    0.0268   0.01387  0.002531   0.04321        42       640    0.6495    0.6582    0.6753    0.4265   0.04526   0.03674   0.01833
     19/99     3.02G   0.03315   0.01608  0.003447   0.05267        42       640    0.5917    0.6402    0.6153    0.3484   0.04486   0.04387   0.01802
     20/99      6.3G   0.02736     0.014  0.002639   0.04399        36       640    0.8924    0.6374    0.7051    0.4409   0.04297   0.03914   0.01892
     20/99     6.14G    0.0268   0.01404   0.00248   0.04332        36       640    0.6999    0.6309    0.6917    0.4292   0.04505   0.03599   0.01853
     20/99     3.02G   0.03294   0.01623   0.00342   0.05259        36       640    0.6396    0.6248      0.62    0.3322    0.0443   0.04336   0.01804
     21/99      6.3G   0.02715   0.01398  0.002457   0.04359        41       640    0.8671    0.6716    0.7152    0.4314   0.04276   0.03889   0.01871
     21/99     6.14G   0.02628   0.01394  0.002328   0.04255        41       640    0.5138    0.7555    0.7075    0.4345   0.04495   0.03629   0.01798
     21/99     3.02G   0.03291   0.01628  0.003258   0.05245        41       640    0.6963    0.6081    0.6129    0.3621   0.04519   0.04318   0.01794
     22/99      6.3G   0.02705   0.01379  0.002519   0.04336        49       640    0.8038     0.676     0.721     0.452   0.04295   0.03907   0.01833
     22/99     6.14G   0.02629   0.01375  0.002286   0.04233        49       640    0.7267    0.6614    0.7057    0.4473   0.04428    0.0368   0.01806
     22/99     3.02G   0.03279   0.01604  0.003281   0.05212        49       640    0.7229    0.6076    0.6471    0.3637   0.04464   0.04244   0.01763
     23/99      6.3G   0.02685   0.01402  0.002382   0.04325        48       640    0.8851    0.6354    0.7292    0.4494   0.04203   0.03878   0.01853
     23/99     6.14G   0.02613   0.01386  0.002198   0.04219        48       640    0.5727    0.7579    0.7201    0.4566   0.04444     0.037   0.01773
     23/99     3.02G   0.03251   0.01619  0.003202    0.0519        48       640    0.6484    0.6575    0.6483    0.3671   0.04429   0.04474   0.01716
     24/99     6.14G   0.02595   0.01376  0.002167   0.04187        32       640     0.556     0.752    0.7137    0.4472    0.0438   0.03685   0.01764
     24/99      6.3G   0.02672    0.0138  0.002435   0.04296        32       640    0.7647    0.6809    0.7552     0.458   0.04096   0.03954   0.01812
     24/99     3.02G   0.03251    0.0161  0.003042   0.05165        32       640    0.6279    0.6807    0.6479    0.3621   0.04456   0.04433   0.01735
     25/99      6.3G   0.02653   0.01369  0.002371   0.04259        36       640     0.727    0.7078    0.7692    0.4822   0.04045   0.03905   0.01831
     25/99     6.14G   0.02581   0.01353  0.002156    0.0415        36       640    0.7028    0.6754    0.7336     0.468   0.04387    0.0362   0.01749
     25/99     3.02G   0.03239   0.01593  0.003094   0.05142        36       640    0.7265    0.6052    0.6553    0.3594    0.0429   0.04464    0.0176
     26/99      6.3G   0.02628   0.01355  0.002241   0.04207        40       640    0.9004    0.6963    0.7706    0.4713   0.04051   0.04046   0.01824
     26/99     6.14G   0.02569   0.01342  0.002075   0.04118        40       640    0.5499    0.8333    0.7339    0.4838   0.04427   0.03762   0.01765
     26/99     3.02G   0.03216   0.01585  0.003062   0.05108        40       640    0.7205    0.6501    0.6704    0.3904   0.04429   0.04495   0.01724
     27/99     6.14G   0.02522   0.01333  0.002005   0.04055        43       640    0.6135    0.8209     0.756     0.491   0.04359   0.03755   0.01741
     27/99      6.3G   0.02596   0.01346  0.002136   0.04155        43       640    0.8623    0.6915    0.7485    0.4647   0.04084   0.04058   0.01815
     27/99     3.02G   0.03169   0.01582  0.002944   0.05046        43       640     0.768    0.6497    0.6794     0.396   0.04401   0.04505   0.01705
     28/99     6.14G   0.02538   0.01324  0.001909   0.04053        26       640    0.6252    0.7382    0.7329    0.4764   0.04345    0.0379     0.017
     28/99      6.3G   0.02594    0.0133  0.002015   0.04126        26       640    0.6913    0.7731    0.7977    0.4824   0.04029   0.03911   0.01771
     28/99     3.02G   0.03184   0.01564  0.002851   0.05034        26       640    0.7453    0.6322    0.6697    0.3911   0.04416   0.04445   0.01684
     29/99     6.14G   0.02501   0.01303  0.001892   0.03993        54       640     0.614    0.7673    0.7346    0.4752   0.04367   0.03719   0.01706
     29/99      6.3G   0.02549   0.01324  0.001989   0.04072        54       640    0.8371    0.7488    0.7951    0.4931   0.03997   0.03968   0.01789
     29/99     3.02G   0.03173   0.01559  0.002763   0.05008        54       640    0.6637    0.6507    0.6629    0.3616   0.04393   0.04418   0.01691
     30/99     6.14G   0.02483   0.01325  0.001849   0.03993        34       640    0.7994    0.7016    0.7609    0.4828   0.04309   0.03755    0.0171
     30/99      6.3G   0.02542   0.01343  0.001952    0.0408        34       640    0.7793    0.8003    0.7838    0.4893   0.03978   0.03989   0.01785
     30/99     3.02G   0.03124   0.01579  0.002662   0.04969        34       640    0.7727    0.6514    0.6861    0.4058   0.04278   0.04348   0.01704
     31/99     6.14G   0.02487   0.01317  0.001769   0.03981        39       640    0.7446    0.7712    0.7949    0.5181   0.04289   0.03778   0.01682
     31/99      6.3G   0.02525   0.01334  0.001901   0.04049        39       640    0.9018     0.742     0.796    0.4982   0.03902   0.03984   0.01711
     31/99     3.02G   0.03129   0.01575  0.002588   0.04962        39       640     0.717     0.622    0.6743    0.3921   0.04279   0.04323   0.01698
     32/99      6.3G   0.02513   0.01314  0.001893   0.04017        35       640    0.8785    0.7398    0.7773    0.4994   0.03928   0.04013   0.01734
     32/99     6.14G   0.02473   0.01308  0.001826   0.03963        35       640    0.7016    0.8289    0.8023    0.5071     0.043   0.03809   0.01658
     32/99     3.02G   0.03086    0.0156  0.002585   0.04904        35       640    0.7449    0.6478    0.6861    0.3914   0.04263   0.04386   0.01686
     33/99      6.3G   0.02504   0.01302  0.001876   0.03993        44       640    0.8206    0.7434    0.7842    0.5149   0.03924   0.03894   0.01742
     33/99     6.14G   0.02477     0.013    0.0018   0.03957        44       640    0.7617    0.7518    0.8057    0.5168   0.04281   0.03772   0.01631
     33/99     3.02G    0.0311    0.0155  0.002686   0.04929        44       640    0.7341    0.6154    0.6804    0.3802   0.04265   0.04384   0.01691
     34/99      6.3G   0.02473   0.01307  0.001831   0.03963        27       640    0.7882     0.804    0.7886    0.4999   0.03897   0.04002   0.01713
     34/99     6.14G   0.02454   0.01304  0.001779   0.03936        27       640    0.6795    0.8186     0.794    0.5314   0.04247   0.03815   0.01641
     34/99     3.02G   0.03082   0.01555  0.002595   0.04897        27       640     0.751    0.6657    0.6845    0.3819   0.04234   0.04488    0.0167
     35/99      6.3G   0.02469    0.0129  0.001776   0.03936        44       640    0.8034    0.7772    0.7974    0.5112   0.03901   0.04063   0.01748
     35/99     6.14G   0.02449   0.01284  0.001719   0.03905        44       640    0.7248    0.7674    0.8105     0.512   0.04243   0.03781   0.01622
     35/99     3.02G   0.03083   0.01534  0.002562   0.04872        44       640    0.7805    0.6311    0.6981     0.401   0.04382    0.0445   0.01615
     36/99      6.3G   0.02444   0.01298  0.001727   0.03915        31       640    0.7454    0.8477    0.8158     0.534    0.0383   0.04046   0.01745
     36/99     6.14G   0.02429   0.01297  0.001707   0.03897        31       640    0.7466     0.806    0.8298    0.5267   0.04207   0.03861   0.01577
     36/99     3.02G   0.03055   0.01541  0.002468   0.04843        31       640    0.7434    0.6717     0.718    0.4135   0.04288   0.04277   0.01657
     37/99     6.14G   0.02424     0.013  0.001628   0.03887        29       640    0.8395    0.7476    0.8153    0.5171   0.04209   0.03843   0.01574
     37/99      6.3G   0.02432   0.01296  0.001718     0.039        29       640     0.665    0.8519    0.7983    0.5169   0.03874   0.04023     0.017
     37/99     3.02G   0.03065   0.01545  0.002367   0.04847        29       640    0.7718    0.5998    0.6788    0.3948   0.04271   0.04299   0.01641
     38/99      6.3G   0.02428   0.01286  0.001687   0.03883        41       640    0.8325    0.8002    0.8103     0.517   0.03809   0.04126   0.01697
     38/99     6.14G   0.02403   0.01284  0.001593   0.03846        41       640    0.7157    0.8225    0.8057    0.5251   0.04206   0.03866   0.01545
     38/99     3.02G   0.03029   0.01537  0.002293   0.04796        41       640    0.8066    0.6463    0.7119    0.4053   0.04228   0.04478   0.01616
     39/99      6.3G   0.02385   0.01294  0.001631   0.03841        58       640    0.6837    0.8455    0.8031    0.5413   0.03783   0.04075   0.01699
     39/99     6.14G   0.02393     0.013   0.00167   0.03861        58       640    0.7712    0.7906    0.8307    0.5459   0.04192   0.03774   0.01518
     39/99     3.02G   0.03026   0.01544  0.002391   0.04809        58       640    0.7654    0.6296    0.7063    0.4224   0.04324   0.04391   0.01651
     40/99     6.14G   0.02389   0.01267  0.001582   0.03814        31       640    0.7828    0.8241    0.8325    0.5231   0.04161   0.03834   0.01518
     40/99      6.3G   0.02396   0.01267  0.001567   0.03819        31       640    0.7775    0.7968    0.8405    0.5564   0.03759   0.04059   0.01691
     40/99     3.02G   0.03011   0.01518  0.002308    0.0476        31       640    0.7386    0.6895    0.7243     0.429   0.04232   0.04318   0.01625
     41/99      6.3G   0.02397    0.0127  0.001575   0.03825        44       640    0.8243    0.8699    0.8709    0.5663   0.03763   0.04028   0.01654
     41/99     6.14G   0.02399    0.0127  0.001611    0.0383        44       640    0.6944     0.853    0.8216    0.5267   0.04132    0.0389    0.0152
     41/99     3.02G   0.03027   0.01516   0.00235   0.04778        44       640    0.7549    0.6893    0.7119    0.4352   0.04273   0.04461   0.01574
     42/99     6.14G   0.02373   0.01296  0.001559   0.03824        48       640    0.7246    0.8396    0.8433     0.523   0.04141   0.03836   0.01488
     42/99      6.3G   0.02341   0.01286  0.001504   0.03778        48       640    0.8277    0.8333    0.8666    0.5587   0.03732   0.04073    0.0169
     42/99     3.02G   0.02992   0.01549  0.002249   0.04767        48       640    0.7853    0.6768    0.7227    0.4419   0.04145   0.04452     0.016
     43/99     6.14G   0.02385   0.01301   0.00158   0.03844        54       640    0.7855    0.8341    0.8344    0.5379   0.04085   0.03842   0.01465
     43/99      6.3G   0.02366   0.01281  0.001552   0.03802        54       640    0.7954    0.8117    0.8486    0.5665   0.03758   0.04168   0.01663
     43/99     3.02G   0.02995   0.01543  0.002257   0.04764        54       640    0.7571    0.6898    0.7315    0.4245   0.04228   0.04254   0.01609
     44/99     6.14G   0.02349   0.01272  0.001529   0.03774        28       640    0.6832     0.868    0.8465    0.5287   0.04099   0.03852   0.01464
     44/99      6.3G   0.02335    0.0125  0.001467   0.03732        28       640    0.8279    0.8342    0.8488    0.5556   0.03734   0.04222   0.01668
     44/99     3.02G   0.02971   0.01517   0.00222    0.0471        28       640    0.7423    0.6772      0.72    0.4313   0.04299   0.04315   0.01589
     45/99     6.14G   0.02339    0.0129  0.001513   0.03781        46       640    0.7553    0.8134    0.8442    0.5387   0.04059   0.03844   0.01446
     45/99      6.3G   0.02322   0.01272  0.001489   0.03744        46       640    0.8421    0.8192    0.8574    0.5809   0.03706    0.0412   0.01666
     45/99     3.02G   0.02956   0.01536  0.002193   0.04712        46       640    0.7974     0.662    0.7219    0.4264   0.04138   0.04373   0.01584
     46/99     6.14G   0.02349   0.01275  0.001472   0.03772        46       640    0.6959    0.8815      0.84     0.545   0.04059   0.03854   0.01456
     46/99      6.3G   0.02312   0.01248  0.001423   0.03703        46       640    0.8229    0.8474    0.8544    0.5426   0.03694    0.0417   0.01687
     46/99     3.02G   0.02966   0.01519  0.002149     0.047        46       640    0.7798    0.6865    0.7397    0.4465   0.04292   0.04344   0.01576
     47/99     6.14G   0.02334   0.01262  0.001518   0.03748        35       640    0.7299    0.8404    0.8495    0.5373   0.04024   0.03848   0.01442
     47/99      6.3G   0.02285   0.01236   0.00144   0.03664        35       640    0.8349    0.7808    0.8335    0.5561   0.03698   0.04096   0.01646
     47/99     3.02G    0.0294   0.01504  0.002111   0.04656        35       640    0.7249    0.7252    0.7495    0.4545   0.04189   0.04373   0.01583
     48/99     6.14G   0.02331   0.01269  0.001555   0.03755        36       640    0.7836     0.817    0.8439    0.5395   0.04045   0.03819   0.01436
     48/99      6.3G   0.02292   0.01236  0.001366   0.03665        36       640    0.8358    0.8619    0.8914    0.5653   0.03687   0.04126   0.01635
     48/99     3.02G   0.02954    0.0151  0.002168   0.04681        36       640    0.6438    0.7109    0.7294    0.4381   0.04281   0.04249   0.01551
     49/99     6.14G   0.02318   0.01272  0.001478   0.03738        53       640    0.7982    0.7853    0.8484    0.5515   0.04033    0.0383   0.01418
     49/99      6.3G   0.02245   0.01235   0.00127   0.03606        53       640     0.895    0.8346    0.8731    0.5779   0.03661     0.041   0.01608
     49/99     3.02G   0.02917   0.01507  0.002011   0.04625        53       640    0.7126    0.7177    0.7486    0.4406   0.04276   0.04276   0.01559
     50/99     6.14G   0.02323   0.01271  0.001519   0.03746        52       640    0.7668    0.8374    0.8521    0.5389   0.03987   0.03827   0.01422
     50/99      6.3G   0.02253   0.01236  0.001325   0.03621        52       640    0.8325    0.8587    0.8842    0.5518   0.03683   0.04141   0.01644
     50/99     3.02G   0.02935   0.01509  0.002055   0.04649        52       640    0.7744    0.6789    0.7373    0.4554   0.04332   0.04342   0.01563
     51/99     6.14G   0.02313   0.01284  0.001463   0.03743        49       640    0.7427    0.8642    0.8512    0.5383   0.03991   0.03841   0.01389
     51/99      6.3G    0.0225   0.01242  0.001272    0.0362        49       640    0.8114    0.8461    0.8714    0.5805   0.03644   0.04134   0.01613
     51/99     3.02G   0.02902   0.01526   0.00198   0.04625        49       640    0.5991    0.7486    0.7347    0.4544   0.04176   0.04375   0.01564
     52/99     6.14G   0.02305   0.01256  0.001397     0.037        38       640    0.8036    0.8167    0.8511     0.536   0.03953   0.03826   0.01388
     52/99      6.3G   0.02225   0.01215  0.001235   0.03564        38       640    0.7763    0.9358    0.8658    0.5866   0.03665   0.04134   0.01619
     52/99     3.02G   0.02904   0.01498  0.001998   0.04602        38       640    0.6688    0.7839    0.7362    0.4558   0.04167   0.04389   0.01524
     53/99     6.14G   0.02321   0.01273  0.001403   0.03735        38       640    0.8092    0.8358    0.8559    0.5223   0.03962   0.03856   0.01362
     53/99      6.3G   0.02241   0.01231  0.001203   0.03592        38       640    0.8924    0.8765    0.9101    0.5903    0.0365    0.0407   0.01594
     53/99     3.02G   0.02926   0.01517  0.002002   0.04643        38       640    0.6704    0.7822    0.7411    0.4636   0.04226    0.0426   0.01549
     54/99     6.14G   0.02284   0.01266   0.00134   0.03684        43       640    0.7826     0.853    0.8694    0.5578    0.0391   0.03851    0.0136
     54/99      6.3G   0.02194   0.01223  0.001174   0.03535        43       640    0.7926     0.908    0.8821    0.5676   0.03619   0.04101   0.01567
     54/99     3.02G   0.02885   0.01511  0.001963   0.04592        43       640    0.7001     0.804     0.772    0.4678   0.04186   0.04454   0.01527
     55/99     6.14G    0.0231   0.01252  0.001347   0.03696        39       640    0.8127    0.8394    0.8596    0.5472   0.03925   0.03861   0.01376
     55/99      6.3G   0.02222   0.01207  0.001163   0.03544        39       640    0.8414     0.857    0.8826    0.5845   0.03615   0.04092    0.0158
     55/99     3.02G   0.02892    0.0149  0.001903   0.04572        39       640    0.7194    0.7864    0.7888    0.4924   0.04267    0.0427    0.0156
     56/99     6.14G   0.02288   0.01242  0.001318   0.03662        35       640    0.7763    0.8458    0.8396    0.5518   0.03935   0.03851   0.01354
     56/99      6.3G   0.02203   0.01191  0.001175   0.03512        35       640    0.8357    0.8987    0.9009    0.6112   0.03619   0.04085   0.01573
     56/99     3.02G   0.02881   0.01472  0.001934   0.04546        35       640      0.78    0.7306    0.7801    0.4923   0.04284   0.04314   0.01534
     57/99     6.14G   0.02281   0.01254  0.001326   0.03668        33       640    0.8212    0.8112    0.8594    0.5377   0.03911   0.03892    0.0137
     57/99      6.3G    0.0217   0.01198  0.001159   0.03484        33       640    0.8502     0.829    0.8959    0.5686   0.03578   0.04239   0.01589
     57/99     3.02G   0.02862    0.0149  0.001914   0.04544        33       640     0.729    0.7696     0.775    0.4714   0.04191   0.04268   0.01508
     58/99      6.3G   0.02176   0.01202  0.001097   0.03488        30       640    0.8169    0.8845    0.8887    0.5904   0.03582   0.04109   0.01538
     58/99     6.14G   0.02279   0.01259  0.001279   0.03666        30       640    0.7952    0.8464    0.8536    0.5482   0.03899   0.03811   0.01325
     58/99     3.02G   0.02873   0.01492  0.001858    0.0455        30       640    0.7306    0.7533    0.7863    0.4703    0.0417   0.04443   0.01502
     59/99      6.3G   0.02163   0.01194  0.001077   0.03464        55       640    0.7944    0.9055    0.8879    0.5746   0.03577   0.04125    0.0155
     59/99     6.14G    0.0227   0.01252  0.001282    0.0365        55       640    0.7336    0.9054    0.8554    0.5611   0.03917   0.03849   0.01324
     59/99     3.02G   0.02862   0.01491  0.001862   0.04539        55       640    0.6859    0.7472    0.8003    0.5075    0.0425   0.04254   0.01473
     60/99      6.3G   0.02139   0.01191  0.001104    0.0344        30       640    0.8329    0.8512    0.8785    0.5891   0.03595   0.04088   0.01523
     60/99     6.14G   0.02252   0.01248  0.001318   0.03632        30       640      0.78    0.8642    0.8593    0.5572   0.03886   0.03813   0.01301
     60/99     3.02G   0.02855   0.01489  0.001843   0.04528        30       640    0.7363    0.7561    0.8066    0.5032   0.04246   0.04286   0.01496
     61/99      6.3G    0.0214    0.0118  0.001057   0.03426        43       640    0.7818    0.9254     0.891    0.5806   0.03582   0.04162   0.01516
     61/99     6.14G   0.02266   0.01251  0.001246   0.03641        43       640    0.7895    0.8513    0.8591    0.5625   0.03876   0.03837   0.01318
     61/99     3.02G   0.02846   0.01485  0.001777   0.04509        43       640    0.7277    0.7591    0.7964    0.5129   0.04252   0.04203   0.01494
     62/99      6.3G   0.02117   0.01164  0.001011   0.03383        39       640    0.8268    0.9435     0.915    0.6174   0.03566   0.04168   0.01487
     62/99     6.14G   0.02251   0.01236    0.0012   0.03607        39       640     0.843     0.821    0.8683     0.572   0.03891    0.0381   0.01311
     62/99     3.02G   0.02832   0.01463  0.001744    0.0447        39       640    0.7347    0.7681    0.7891    0.4982   0.04189   0.04249   0.01474
     63/99      6.3G   0.02112   0.01177  0.001029   0.03392        64       640    0.8182    0.9157    0.9014     0.611   0.03562   0.04146   0.01489
     63/99     6.14G   0.02242   0.01243  0.001218   0.03607        64       640    0.7767    0.8755    0.8657    0.5545    0.0387   0.03865   0.01288
     63/99     3.02G   0.02824   0.01483  0.001805   0.04488        64       640    0.7525    0.7409    0.8055    0.5054    0.0427   0.04274   0.01472
     64/99      6.3G   0.02099   0.01171 0.0009675   0.03367        37       640    0.8127    0.8988    0.9122    0.6223   0.03566   0.04175   0.01482
     64/99     6.14G   0.02241   0.01245  0.001199   0.03606        37       640    0.7853    0.8602    0.8647    0.5598   0.03853   0.03828   0.01292
     64/99     3.02G   0.02811   0.01475  0.001765   0.04463        37       640    0.7626    0.7627    0.8082     0.512   0.04211   0.04358   0.01465
     65/99      6.3G   0.02116   0.01165 0.0009864    0.0338        60       640    0.8399    0.8766    0.9073    0.6187   0.03551   0.04154   0.01482
     65/99     6.14G   0.02255   0.01238  0.001247   0.03617        60       640    0.7592    0.8975    0.8694    0.5583   0.03845   0.03859   0.01267
     65/99     3.02G   0.02839   0.01474  0.001817   0.04495        60       640    0.8049    0.7273    0.8081    0.5179   0.04186   0.04243    0.0145
     66/99      6.3G    0.0206   0.01148 0.0009374   0.03302        37       640    0.8146    0.9152    0.9113    0.6185   0.03532   0.04152   0.01449
     66/99     6.14G   0.02202   0.01219  0.001117   0.03533        37       640    0.8329    0.8311    0.8731    0.5673   0.03829    0.0384   0.01277
     66/99     3.02G    0.0277   0.01455  0.001672   0.04392        37       640    0.7755    0.7626     0.812    0.5058   0.04231    0.0423    0.0146
     67/99      6.3G   0.02075   0.01146   0.00091   0.03311        33       640    0.8457    0.9058    0.9048    0.6077   0.03521   0.04209   0.01469
     67/99     6.14G   0.02232    0.0122  0.001158   0.03568        33       640    0.8386    0.8325    0.8681    0.5829   0.03839   0.03806   0.01274
     67/99     3.02G   0.02805   0.01445  0.001729   0.04423        33       640    0.7866     0.732    0.8004    0.4979   0.04209   0.04306   0.01473
     68/99      6.3G   0.02082   0.01141 0.0009206   0.03315        29       640    0.8891    0.8687    0.9219    0.6102   0.03528   0.04223   0.01449
     68/99     6.14G   0.02235   0.01218  0.001173    0.0357        29       640    0.8172    0.8468    0.8675    0.5597   0.03845   0.03824   0.01264
     68/99     3.02G   0.02818   0.01446   0.00174   0.04438        29       640    0.7622    0.7551    0.8162    0.5175   0.04246    0.0424   0.01434
     69/99      6.3G   0.02048   0.01135 0.0009294   0.03276        40       640    0.8791    0.8844    0.9236    0.6167   0.03518   0.04194   0.01431
     69/99     6.14G   0.02208   0.01216  0.001119   0.03536        40       640    0.8303    0.8509    0.8672    0.5658   0.03822   0.03827   0.01265
     69/99     3.02G   0.02789   0.01449  0.001684   0.04407        40       640    0.7688    0.7421    0.8247    0.5217   0.04203   0.04296   0.01436
     70/99      6.3G   0.02067   0.01133 0.0009052   0.03291        53       640    0.8491    0.9018    0.9163    0.6447   0.03497   0.04191   0.01437
     70/99     6.14G   0.02227   0.01218  0.001146    0.0356        53       640    0.7762     0.886    0.8689    0.5665   0.03808   0.03811   0.01245
     70/99     3.02G   0.02802   0.01448  0.001748   0.04425        53       640    0.7549    0.7606    0.8277    0.5143   0.04179   0.04374   0.01407
     71/99      6.3G   0.02044   0.01146  0.000909   0.03281        54       640    0.8269    0.9528    0.9337    0.6548   0.03513    0.0421   0.01417
     71/99     6.14G   0.02211   0.01242  0.001174   0.03571        54       640    0.7607    0.9253    0.8744     0.559   0.03811   0.03814   0.01248
     71/99     3.02G   0.02788   0.01468  0.001718   0.04427        54       640    0.7892    0.7413    0.8246    0.5349   0.04245   0.04304    0.0143
     72/99      6.3G   0.02027   0.01146 0.0008807   0.03261        53       640    0.8736    0.9124    0.9405    0.6393   0.03496   0.04212   0.01429
     72/99     6.14G   0.02204   0.01236  0.001195   0.03559        53       640    0.7775    0.9011    0.8717     0.562    0.0381   0.03795   0.01251
     72/99     3.02G   0.02781   0.01472  0.001677    0.0442        53       640    0.7554     0.751    0.8091    0.5139     0.042   0.04258   0.01411
     73/99      6.3G    0.0203   0.01144  0.000887   0.03262        49       640    0.8674    0.9113    0.9355    0.6344   0.03496   0.04208   0.01397
     73/99     6.14G   0.02219   0.01238  0.001127    0.0357        49       640    0.7807    0.8904    0.8768    0.5851   0.03801    0.0379    0.0124
     73/99     3.02G    0.0279   0.01463  0.001647   0.04417        49       640    0.7503    0.7602    0.8031    0.5333   0.04176   0.04336   0.01433
     74/99      6.3G   0.02017   0.01125 0.0008165   0.03224        60       640    0.8623    0.9198    0.9383     0.653   0.03497   0.04173   0.01384
     74/99     6.14G   0.02201   0.01222  0.001131   0.03536        60       640    0.8057    0.8301    0.8668    0.5841   0.03794   0.03802   0.01255
     74/99     3.02G   0.02775   0.01453  0.001606   0.04388        60       640    0.7955    0.7581    0.8067     0.522   0.04195   0.04221   0.01415
     75/99      6.3G   0.02024    0.0112 0.0008403   0.03229        34       640    0.8611    0.9244    0.9438    0.6284   0.03491   0.04236   0.01404
     75/99     6.14G   0.02217   0.01213  0.001123   0.03542        34       640    0.7591    0.8792    0.8653    0.5816     0.038   0.03767   0.01239
     75/99     3.02G   0.02786   0.01435   0.00164   0.04385        34       640    0.7494    0.7515    0.8095    0.5373   0.04306    0.0419   0.01421
     76/99      6.3G   0.02022   0.01135 0.0008165   0.03238        32       640    0.8668    0.9174    0.9408    0.6321     0.035   0.04269   0.01398
     76/99     6.14G   0.02214   0.01232  0.001168   0.03563        32       640    0.7562    0.8853    0.8668    0.5687   0.03809   0.03789   0.01239
     76/99     3.02G    0.0278   0.01459  0.001686   0.04408        32       640    0.7748    0.7595    0.8094    0.5201   0.04224   0.04205   0.01411
     77/99      6.3G   0.01999    0.0112 0.0007714   0.03196        48       640    0.8597    0.9162    0.9149    0.6298   0.03474   0.04229    0.0138
     77/99     6.14G   0.02199   0.01219  0.001077   0.03526        48       640    0.8844    0.8268    0.8783    0.5924   0.03801   0.03755   0.01237
     77/99     3.02G   0.02758   0.01447  0.001588   0.04364        48       640    0.7456    0.7832    0.8038    0.5176   0.04187   0.04256   0.01406
     78/99      6.3G   0.02002   0.01109 0.0008816     0.032        26       640    0.8512    0.9181    0.9285    0.6314   0.03478   0.04237   0.01378
     78/99     6.14G   0.02209   0.01213  0.001197   0.03542        26       640    0.9019    0.7988    0.8643     0.579   0.03794   0.03795   0.01238
     78/99     3.02G   0.02764   0.01437  0.001718   0.04373        26       640    0.7394    0.7927    0.8082    0.5271   0.04224    0.0423   0.01399
     79/99      6.3G   0.01983   0.01119 0.0007628   0.03178        46       640    0.8476    0.9276    0.9354    0.6489    0.0347   0.04217   0.01385
     79/99     6.14G   0.02185   0.01223  0.001079   0.03516        46       640     0.777    0.8701    0.8672    0.5806   0.03793   0.03764   0.01235
     79/99     3.02G   0.02734   0.01454  0.001584   0.04346        46       640     0.766    0.8146    0.8236    0.5391   0.04222   0.04217   0.01402
     80/99      6.3G   0.01976   0.01123 0.0007128    0.0317        38       640     0.902    0.9126    0.9346    0.6304   0.03472   0.04229   0.01364
     80/99     6.14G   0.02182   0.01229  0.001016   0.03512        38       640    0.8771    0.8357    0.8807    0.5795   0.03795   0.03758   0.01225
     80/99     3.02G   0.02741   0.01462  0.001459   0.04348        38       640    0.7759    0.7729    0.8117    0.5155   0.04205   0.04191   0.01409
     81/99      6.3G    0.0197   0.01101 0.0007996   0.03152        43       640    0.9052    0.8923     0.935    0.6393    0.0347   0.04243   0.01362
     81/99     6.14G   0.02178     0.012  0.001102   0.03488        43       640    0.7708    0.9096    0.8741    0.5812   0.03791   0.03811   0.01232
     81/99     3.02G   0.02724   0.01432  0.001666   0.04323        43       640     0.748    0.8145    0.8235    0.5209   0.04184   0.04202   0.01406
     82/99      6.3G    0.0196   0.01105 0.0007613   0.03141        54       640    0.8979    0.9051    0.9376    0.6441    0.0348   0.04255    0.0135
     82/99     6.14G   0.02173   0.01208  0.001115   0.03492        54       640     0.882    0.8305    0.8856    0.5745   0.03796   0.03815   0.01219
     82/99     3.02G   0.02732    0.0143  0.001603   0.04323        54       640    0.7984     0.799    0.8249    0.5313   0.04201   0.04208   0.01394
     83/99      6.3G   0.01946   0.01099 0.0007533   0.03121        37       640    0.8755    0.8979    0.9322    0.6434   0.03475    0.0426   0.01346
     83/99     6.14G   0.02167   0.01208  0.001107   0.03485        37       640    0.7658    0.9062    0.8811    0.5853   0.03783   0.03807   0.01215
     83/99     3.02G   0.02729   0.01438  0.001539   0.04321        37       640    0.7571    0.7944    0.8132    0.5261   0.04231   0.04208   0.01395
     84/99     6.14G   0.02176   0.01214  0.001083   0.03498        36       640    0.7652    0.9098    0.8725    0.5789   0.03781   0.03804   0.01213
     84/99      6.3G   0.01949   0.01099 0.0007645   0.03125        36       640    0.8843     0.913    0.9399    0.6414   0.03468   0.04259   0.01342
     84/99     3.02G   0.02726   0.01437  0.001576   0.04321        36       640    0.7868    0.7769    0.8232    0.5275   0.04204   0.04212   0.01385
     85/99     6.14G   0.02173   0.01206  0.001061   0.03486        35       640    0.7874    0.9048    0.8736    0.5807   0.03773   0.03798   0.01214
     85/99      6.3G   0.01947   0.01093 0.0007086    0.0311        35       640    0.8742    0.9066     0.938    0.6476   0.03461   0.04262   0.01344
     85/99     3.02G   0.02707   0.01426  0.001471    0.0428        35       640    0.8041    0.8199    0.8465    0.5541   0.04216   0.04185   0.01407
     86/99     6.14G   0.02172   0.01198  0.001034   0.03473        43       640    0.7682    0.9019    0.8716    0.5865   0.03772   0.03816   0.01223
     86/99      6.3G   0.01946   0.01085 0.0007077   0.03102        43       640     0.884    0.9051    0.9363    0.6563   0.03456   0.04286   0.01342
     86/99     3.02G   0.02726   0.01419  0.001567   0.04301        43       640    0.8109    0.8151    0.8538     0.548   0.04224   0.04185    0.0139
     87/99     6.14G   0.02179   0.01206  0.001041    0.0349        44       640    0.7798    0.8916    0.8745    0.5724   0.03777   0.03823   0.01218
     87/99      6.3G   0.01953   0.01091 0.0007019   0.03114        44       640    0.8802    0.9041    0.9344    0.6398   0.03459   0.04268   0.01337
     87/99     3.02G   0.02716   0.01424  0.001477   0.04287        44       640    0.8111    0.8127    0.8568    0.5562   0.04237   0.04158   0.01386
     88/99     6.14G   0.02175   0.01202  0.001125   0.03489        37       640    0.7798    0.8931    0.8768    0.5737   0.03776   0.03821   0.01221
     88/99      6.3G   0.01942    0.0109 0.0007322   0.03105        37       640    0.8807     0.903    0.9352    0.6425   0.03454   0.04252   0.01338
     88/99     3.02G   0.02715   0.01426  0.001592     0.043        37       640    0.8341    0.8266    0.8673    0.5613   0.04255   0.04141    0.0139
     89/99     6.14G   0.02165   0.01216  0.001009   0.03482        39       640    0.8493    0.8358    0.8782    0.5808   0.03778   0.03817   0.01219
     89/99      6.3G   0.01935   0.01096 0.0006629   0.03097        39       640    0.8899    0.9055     0.941     0.643   0.03452   0.04258   0.01337
     89/99     3.02G   0.02722    0.0144  0.001449   0.04307        39       640    0.8274    0.8189    0.8612    0.5571   0.04212   0.04194   0.01387
     90/99     6.14G   0.02168   0.01202  0.001058   0.03476        42       640    0.7697    0.9119    0.8754     0.578   0.03773   0.03806   0.01216
     90/99      6.3G   0.01937   0.01087 0.0007178   0.03096        42       640    0.8778    0.9048    0.9392    0.6419   0.03448   0.04266   0.01333
     90/99     3.02G   0.02699   0.01421  0.001568   0.04276        42       640    0.8304    0.8293    0.8669    0.5586   0.04236    0.0415   0.01381
     91/99     6.14G    0.0218   0.01208  0.001049   0.03493        34       640    0.7693     0.911    0.8786     0.575   0.03771   0.03799   0.01215
     91/99      6.3G   0.01937   0.01093 0.0007343   0.03103        34       640    0.8812    0.9026      0.94    0.6508   0.03452   0.04277   0.01328
     91/99     3.02G   0.02715    0.0143  0.001519   0.04297        34       640    0.8316    0.8224    0.8567    0.5538   0.04221   0.04177   0.01381
     92/99     6.14G   0.02151   0.01207   0.00108   0.03466        37       640    0.7683    0.9161    0.8775    0.5779   0.03771   0.03802   0.01212
     92/99      6.3G   0.01911   0.01093 0.0007212   0.03076        37       640    0.8844    0.9046    0.9411    0.6472   0.03451   0.04284   0.01322
     92/99     3.02G   0.02687   0.01435  0.001463   0.04268        37       640    0.8526     0.825      0.86    0.5653   0.04222   0.04174   0.01383
     93/99     6.14G   0.02157   0.01207   0.00108   0.03472        36       640    0.7738    0.9127    0.8809    0.5729    0.0377   0.03799   0.01212
     93/99      6.3G   0.01918   0.01091  0.000749   0.03083        36       640    0.8868    0.9008    0.9422    0.6473   0.03452    0.0428   0.01318
     93/99     3.02G   0.02683   0.01434  0.001532    0.0427        36       640    0.8615    0.8289    0.8666    0.5669   0.04217   0.04177   0.01379
     94/99     6.14G   0.02164   0.01203  0.001054   0.03473        45       640    0.8394    0.8384    0.8791    0.5766   0.03773   0.03811   0.01214
     94/99      6.3G   0.01923   0.01083    0.0007   0.03076        45       640    0.8754    0.9034    0.9393    0.6464   0.03453   0.04298    0.0132
     94/99     3.02G   0.02701   0.01426   0.00151   0.04278        45       640    0.8539    0.8244    0.8636    0.5588   0.04214   0.04176   0.01375
     95/99     6.14G   0.02175     0.012  0.001121   0.03486        34       640    0.8383    0.8392    0.8801    0.5648   0.03774   0.03808   0.01214
     95/99      6.3G   0.01931   0.01084 0.0007234   0.03087        34       640    0.8812    0.9033    0.9372    0.6481   0.03451   0.04304   0.01326
     95/99     3.02G   0.02695   0.01419  0.001591   0.04273        34       640     0.831    0.7888    0.8521    0.5517   0.04203   0.04184   0.01379
     96/99     6.14G   0.02174    0.0121  0.001023   0.03487        40       640    0.8385    0.8392    0.8807    0.5756   0.03773   0.03799   0.01213
     96/99      6.3G   0.01928   0.01089 0.0006341    0.0308        40       640     0.884    0.9036    0.9354     0.647   0.03453   0.04291   0.01321
     96/99     3.02G   0.02698   0.01429  0.001414   0.04268        40       640    0.8396    0.8297     0.865    0.5617   0.04211   0.04187   0.01381
     97/99     6.14G   0.02155   0.01199  0.001006   0.03454        36       640     0.826    0.8421    0.8788    0.5765   0.03773   0.03796   0.01214
     97/99      6.3G   0.01911   0.01078 0.0006499   0.03055        36       640    0.8861    0.9022    0.9365    0.6525   0.03452   0.04297   0.01328
     97/99     3.02G   0.02696   0.01417  0.001525   0.04266        36       640    0.8248    0.8211    0.8639    0.5636   0.04216   0.04175   0.01382
     98/99     6.14G   0.02165   0.01219  0.001054   0.03489        42       640    0.8248     0.842    0.8784    0.5752   0.03773   0.03801   0.01214
     98/99      6.3G   0.01914   0.01094 0.0006988   0.03078        42       640    0.8852    0.8956    0.9362    0.6542   0.03448   0.04309    0.0133
     98/99     3.02G   0.02697   0.01439  0.001517   0.04288        42       640    0.8214    0.8228    0.8613    0.5584   0.04216   0.04178    0.0138
     99/99     6.14G   0.02165   0.01214  0.001051   0.03484        30       640    0.8265    0.8419    0.8784    0.5767   0.03772   0.03802   0.01214
     99/99      6.3G   0.01922   0.01093 0.0006786   0.03083        30       640    0.8826    0.9018     0.939    0.6543   0.03446   0.04296   0.01326
     99/99     3.02G   0.02692   0.01439  0.001523   0.04284        30       640    0.8315     0.822    0.8576     0.561   0.04218   0.04184    0.0138
