      0/99    0.476G    0.0668    0.0234   0.02995    0.1202        52       640    0.8522   0.04184   0.03319  0.009481   0.08308   0.04202   0.03568
      1/99     2.93G   0.05474   0.02071   0.01148   0.08693        45       640    0.5761    0.1885   0.09768   0.02486    0.0806   0.04169    0.0307
      2/99     3.59G   0.04877   0.02113  0.008747   0.07864        46       640    0.7165    0.2198    0.2232   0.06729    0.0748   0.04033   0.02717
      3/99     3.59G   0.04431   0.02049  0.007656   0.07245        39       640    0.8021      0.29    0.3218     0.141   0.06142    0.0379    0.0252
      4/99     3.59G   0.04172   0.01947  0.006531   0.06773        36       640    0.7426    0.3014    0.3323    0.1442   0.06251   0.03675   0.02351
      5/99     3.59G   0.04009   0.01875   0.00597   0.06481        55       640     0.719    0.4166    0.3756    0.1405     0.065   0.03634   0.02295
      6/99     3.59G   0.04076   0.01823  0.005649   0.06463        46       640    0.7765    0.3887     0.349    0.1281   0.06305   0.04224   0.02241
      7/99     3.59G   0.04239   0.01808  0.006187   0.06666        38       640    0.7767    0.4589    0.4542    0.2067   0.05654   0.03887    0.0219
      8/99      3.6G    0.0396   0.01769  0.005458   0.06275        50       640    0.7461    0.4266    0.4422    0.2143   0.05599   0.03831   0.02168
      9/99      3.6G   0.03796   0.01719   0.00502   0.06016        33       640    0.8476    0.4839    0.5155    0.2691   0.05393   0.03671    0.0213
     10/99      3.6G   0.03665   0.01705   0.00466   0.05836        39       640     0.837    0.5153    0.5433    0.2659    0.0526   0.04073   0.02092
     11/99      3.6G   0.03628   0.01705  0.004389   0.05771        36       640    0.8679    0.5106    0.5967    0.3195   0.05117   0.03912   0.02082
     12/99      3.6G   0.03565   0.01664  0.004162   0.05646        61       640    0.8814    0.4916    0.5934    0.3014   0.05054   0.04073   0.02016
     13/99      3.6G   0.03533   0.01638  0.004193   0.05591        39       640    0.8678    0.4922    0.5944    0.3063   0.05369   0.04056   0.02025
     14/99      3.6G   0.03478   0.01636  0.003736   0.05488        38       640    0.8339    0.5506    0.6168     0.318   0.05125    0.0423    0.0203
     15/99      3.6G    0.0347   0.01637  0.003885   0.05495        50       640    0.8312    0.5107     0.579    0.3151   0.04958   0.04352   0.01997
     16/99      3.6G   0.03404   0.01633  0.003623   0.05399        41       640    0.6811    0.5965    0.6117    0.3156    0.0487   0.04314   0.01941
     17/99      3.6G    0.0339   0.01616  0.003518   0.05358        33       640    0.5983    0.6206    0.6235    0.3494   0.05096   0.04145   0.01917
     18/99      3.6G   0.03344   0.01619  0.003352   0.05298        58       640    0.6926    0.6343    0.6301    0.3354   0.04949   0.04222   0.01942
     19/99      3.6G   0.03333   0.01589  0.003485   0.05271        42       640    0.6354    0.6412    0.6302    0.3502    0.0502   0.04019    0.0194
     20/99      3.6G   0.03319   0.01605  0.003383   0.05263        36       640     0.756    0.6095    0.6374    0.3379   0.04828   0.04186   0.01912
     21/99      3.6G   0.03307   0.01603  0.003284   0.05238        41       640    0.6968    0.5729    0.6237    0.3488   0.04864   0.04088   0.01859
     22/99      3.6G   0.03279   0.01581  0.003151   0.05175        49       640    0.7928    0.5999    0.6941    0.3732   0.04827   0.04023   0.01886
     23/99      3.6G   0.03261   0.01596  0.003145   0.05171        48       640    0.7143    0.6169    0.6937    0.3918   0.04829   0.04224   0.01857
     24/99      3.6G   0.03222   0.01583   0.00302   0.05107        32       640    0.7084    0.6418    0.6634    0.3758   0.04844   0.04211   0.01843
     25/99      3.6G    0.0323    0.0156     0.003   0.05091        36       640    0.8143    0.5951    0.6586    0.3859   0.04771   0.04089   0.01827
     26/99      3.6G   0.03222   0.01559  0.002992    0.0508        40       640    0.7287    0.6431    0.6904    0.3909   0.04788   0.04289   0.01824
     27/99      3.6G   0.03182   0.01558   0.00286   0.05025        43       640    0.8051    0.6278    0.6977    0.3919    0.0472   0.04333   0.01826
     28/99      3.6G   0.03169   0.01546  0.002768   0.04991        26       640    0.8595    0.6093    0.6738    0.3728   0.04733   0.04198   0.01758
     29/99      3.6G   0.03162   0.01541  0.002704   0.04973        54       640    0.7208    0.6305    0.6831    0.3991    0.0472   0.04223   0.01862
     30/99      3.6G   0.03128   0.01558  0.002664   0.04952        34       640    0.7509    0.6685    0.7097    0.4115   0.04629   0.04223   0.01779
     31/99      3.6G   0.03141   0.01565  0.002614   0.04967        39       640    0.7903    0.6405    0.7067    0.3988   0.04653   0.04177   0.01822
     32/99      3.6G   0.03094   0.01544  0.002551   0.04893        35       640      0.71    0.6856    0.6964    0.4021   0.04643   0.04344   0.01782
     33/99      3.6G   0.03119   0.01534  0.002584   0.04912        44       640    0.5572    0.7458    0.6886    0.4076    0.0472   0.04159   0.01784
     34/99      3.6G   0.03095   0.01538  0.002574   0.04891        27       640    0.7465    0.6766     0.721    0.4178   0.04645   0.04142   0.01773
     35/99      3.6G   0.03077   0.01521  0.002519   0.04851        44       640     0.801     0.666    0.7168    0.4273   0.04587   0.04286   0.01733
     36/99      3.6G   0.03054   0.01533  0.002448   0.04832        31       640    0.6348    0.7318    0.7126     0.421   0.04658    0.0412   0.01737
     37/99      3.6G   0.03065   0.01532   0.00237   0.04834        29       640     0.631    0.7493    0.7212    0.4207   0.04646   0.04136   0.01736
     38/99      3.6G   0.03041   0.01521  0.002307   0.04793        41       640    0.5845    0.7927    0.7232    0.4154   0.04537   0.04348   0.01692
     39/99      3.6G   0.03037   0.01534  0.002377   0.04809        58       640     0.606    0.7729    0.7479    0.4471   0.04604    0.0428   0.01751
     40/99      3.6G   0.03016    0.0151  0.002334   0.04759        31       640    0.6514    0.7484    0.7339    0.4322   0.04428   0.04305   0.01689
     41/99      3.6G   0.03036   0.01508  0.002327   0.04776        44       640    0.7087    0.7197    0.7435    0.4391   0.04431   0.04396   0.01655
     42/99      3.6G   0.02995   0.01538   0.00225   0.04758        48       640    0.6449    0.6975    0.7146     0.425   0.04427   0.04229   0.01679
     43/99      3.6G   0.02999   0.01529  0.002265   0.04754        54       640    0.7435    0.6865    0.7226    0.4228    0.0442   0.04271   0.01656
     44/99      3.6G   0.02973   0.01509  0.002208   0.04702        28       640    0.7584    0.7321    0.7637    0.4735   0.04502   0.04261   0.01656
     45/99      3.6G   0.02966   0.01528  0.002233   0.04717        46       640     0.691    0.6917    0.7333    0.4498   0.04304   0.04317   0.01642
     46/99      3.6G   0.02971    0.0151  0.002168   0.04698        46       640    0.6597    0.7553    0.7421    0.4582   0.04377   0.04274   0.01604
     47/99      3.6G   0.02943   0.01496  0.002114    0.0465        35       640    0.8048    0.7226    0.7581    0.4698   0.04369   0.04298   0.01609
     48/99      3.6G   0.02954   0.01501  0.002152    0.0467        36       640    0.7539    0.7214    0.7596    0.4478    0.0445   0.04174    0.0162
     49/99      3.6G   0.02923   0.01503  0.002044    0.0463        53       640    0.7228    0.7377    0.7474    0.4441   0.04454   0.04221   0.01589
     50/99      3.6G   0.02931   0.01501  0.002063   0.04638        52       640    0.7538    0.7461    0.7536    0.4532    0.0448   0.04086   0.01609
     51/99      3.6G   0.02909   0.01517     0.002   0.04626        49       640     0.752    0.7018    0.7753    0.4769    0.0431   0.04322   0.01612
     52/99      3.6G   0.02908   0.01493  0.002021   0.04604        38       640    0.8194    0.6873    0.7909     0.497   0.04401   0.04233   0.01578
     53/99      3.6G   0.02927   0.01506  0.002002   0.04633        38       640    0.6998    0.6994    0.7372    0.4628   0.04347   0.04225   0.01591
     54/99      3.6G   0.02891   0.01504  0.001968   0.04592        43       640    0.7882    0.6885    0.7962    0.4853   0.04313   0.04273   0.01578
     55/99      3.6G   0.02895    0.0149  0.001926   0.04577        39       640    0.7029     0.776     0.797    0.4852   0.04372   0.04267   0.01593
     56/99      3.6G   0.02881   0.01469  0.001894   0.04539        35       640    0.6471     0.811    0.7836    0.4948   0.04348   0.04292   0.01581
     57/99      3.6G   0.02866   0.01487  0.001978   0.04551        33       640    0.7496    0.7066    0.7923    0.4877   0.04284   0.04223    0.0154
     58/99      3.6G   0.02882   0.01486  0.001894   0.04558        30       640    0.7912    0.6827    0.7898    0.5029   0.04312   0.04314   0.01543
     59/99      3.6G    0.0287   0.01485  0.001884   0.04543        55       640    0.8738    0.6903    0.8044    0.4899   0.04295   0.04297   0.01496
     60/99      3.6G   0.02848   0.01486  0.001855   0.04519        30       640    0.7763    0.6946    0.7944    0.4991   0.04305   0.04213   0.01511
     61/99      3.6G   0.02857   0.01482   0.00177   0.04516        43       640    0.6734    0.8217    0.8156    0.5173   0.04336   0.04176   0.01502
     62/99      3.6G   0.02836   0.01458   0.00174   0.04468        39       640    0.7082    0.8181    0.8083    0.5131   0.04271    0.0424   0.01477
     63/99      3.6G   0.02828   0.01478  0.001776   0.04483        64       640    0.7773    0.6985    0.8014    0.5052   0.04376    0.0423   0.01503
     64/99      3.6G   0.02814   0.01472  0.001747    0.0446        37       640     0.656    0.8495    0.7918    0.4988   0.04299    0.0426   0.01494
     65/99      3.6G   0.02842   0.01463  0.001831   0.04489        60       640    0.7176    0.7806    0.7892    0.5038   0.04317   0.04103   0.01471
     66/99      3.6G   0.02777   0.01449  0.001668   0.04393        37       640    0.7101    0.8499    0.8198    0.5131   0.04304   0.04171   0.01484
     67/99      3.6G   0.02814   0.01443  0.001696   0.04427        33       640     0.678    0.8576    0.8172    0.5179   0.04324   0.04129   0.01496
     68/99      3.6G   0.02819   0.01441  0.001767   0.04436        29       640     0.916    0.6703    0.8098    0.5134   0.04336   0.04196    0.0144
     69/99      3.6G   0.02794   0.01446   0.00172   0.04411        40       640    0.7659    0.7991    0.8227    0.5266   0.04321   0.04182   0.01428
     70/99      3.6G   0.02807   0.01444  0.001728   0.04424        53       640    0.7456    0.8265    0.8323    0.5112   0.04251   0.04306   0.01426
     71/99      3.6G   0.02784   0.01463  0.001734   0.04421        54       640    0.7411    0.8142     0.828    0.5414   0.04324   0.04218   0.01432
     72/99      3.6G   0.02791   0.01468  0.001692   0.04428        53       640    0.7305    0.7895    0.8258     0.536   0.04325   0.04123   0.01417
     73/99      3.6G   0.02784   0.01463  0.001671   0.04414        49       640    0.6903    0.8491    0.8296     0.543   0.04295   0.04176   0.01419
     74/99      3.6G   0.02779   0.01444  0.001576   0.04381        60       640    0.7545    0.8215    0.8323    0.5441   0.04318   0.04109   0.01409
     75/99      3.6G   0.02786   0.01432  0.001645   0.04382        34       640    0.7164    0.8577    0.8384    0.5461   0.04298   0.04149   0.01399
     76/99      3.6G   0.02783   0.01457  0.001723   0.04413        32       640    0.7492    0.8574    0.8405      0.55   0.04317   0.04163   0.01392
     77/99      3.6G   0.02766   0.01446  0.001591   0.04371        48       640    0.7191    0.7846     0.823    0.5271   0.04296   0.04186   0.01396
     78/99      3.6G   0.02774   0.01436   0.00172   0.04382        26       640    0.6774     0.859    0.8202    0.5344   0.04301   0.04167   0.01388
     79/99      3.6G   0.02745   0.01451    0.0016   0.04356        46       640    0.7102    0.8157    0.8224    0.5265   0.04303   0.04176   0.01383
     80/99      3.6G   0.02741   0.01457  0.001475   0.04346        38       640    0.6802    0.8768    0.8341    0.5306   0.04312   0.04152   0.01392
     81/99      3.6G   0.02726   0.01429  0.001668   0.04322        43       640    0.6639    0.8858    0.8349    0.5297   0.04287   0.04131    0.0139
     82/99      3.6G   0.02728    0.0143  0.001637   0.04321        54       640    0.7464    0.7987    0.8447    0.5398   0.04306   0.04107   0.01376
     83/99      3.6G   0.02726   0.01435  0.001541   0.04315        37       640    0.6468    0.8717    0.8232    0.5315   0.04331   0.04147   0.01383
     84/99      3.6G   0.02731   0.01433  0.001563    0.0432        36       640      0.69    0.8658    0.8478    0.5317   0.04281   0.04163   0.01368
     85/99      3.6G   0.02715   0.01426  0.001481    0.0429        35       640    0.6731    0.8643    0.8265     0.542   0.04328   0.04109   0.01386
     86/99      3.6G   0.02729   0.01417  0.001534     0.043        43       640     0.746    0.8481    0.8446    0.5487    0.0434   0.04094   0.01372
     87/99      3.6G   0.02712   0.01424  0.001513   0.04287        44       640    0.6923    0.8526    0.8356    0.5347   0.04324   0.04078   0.01368
     88/99      3.6G   0.02715   0.01426  0.001584   0.04299        37       640    0.7912    0.8401     0.853     0.548   0.04319   0.04093    0.0137
     89/99      3.6G   0.02722   0.01439  0.001444   0.04305        39       640    0.7704    0.8449    0.8555    0.5488   0.04287    0.0413   0.01373
     90/99      3.6G   0.02709    0.0142  0.001544   0.04283        42       640    0.7791    0.8369    0.8481      0.55   0.04303   0.04111   0.01361
     91/99      3.6G   0.02716   0.01427   0.00151   0.04295        34       640     0.767    0.8598    0.8506     0.549   0.04308   0.04108   0.01358
     92/99      3.6G    0.0269   0.01431  0.001462   0.04268        37       640     0.779     0.853    0.8559    0.5525   0.04278   0.04118    0.0136
     93/99      3.6G   0.02686   0.01432  0.001541   0.04273        36       640    0.7091    0.8634     0.833    0.5309   0.04302   0.04128   0.01357
     94/99      3.6G   0.02709   0.01428   0.00149   0.04286        45       640    0.7128    0.8671    0.8378    0.5489   0.04302   0.04112   0.01356
     95/99      3.6G   0.02702   0.01418  0.001594   0.04279        34       640    0.7196    0.8665    0.8402    0.5447   0.04286    0.0414   0.01357
     96/99      3.6G   0.02705   0.01427  0.001396   0.04271        40       640    0.7216    0.8637    0.8385    0.5463   0.04292   0.04124    0.0136
     97/99      3.6G   0.02697   0.01413  0.001483   0.04258        36       640    0.7109    0.8666    0.8399    0.5515   0.04297   0.04119   0.01362
     98/99      3.6G   0.02696   0.01439  0.001517   0.04287        42       640    0.7027    0.8561    0.8397    0.5417   0.04288   0.04133   0.01365
     99/99      3.6G   0.02698   0.01438  0.001508   0.04287        30       640    0.7498    0.7966    0.8421    0.5505   0.04291   0.04136   0.01366
