      0/99    0.484G   0.06908  0.003768      0.06    0.1328         8       640    0.1387    0.1452   0.07761   0.02655   0.07521  0.004041   0.07412
      1/99     1.49G   0.06648  0.003675   0.05534    0.1255         8       640    0.1557     0.125   0.08235   0.02955   0.07254  0.004046   0.07039
      2/99     1.73G   0.06522  0.003691   0.04874    0.1177        11       640    0.1353    0.1477    0.0894   0.03127   0.06896  0.004065   0.06601
      3/99     1.73G   0.06882  0.003473   0.04537    0.1177         6       640    0.1363      0.15   0.09225   0.03808   0.06827  0.003993   0.06149
      4/99     1.73G   0.06681  0.003584   0.04653    0.1169        16       640    0.1343      0.15   0.09225   0.04145    0.0675  0.003952   0.05653
      5/99     1.73G   0.06542   0.00316   0.03515    0.1037         6       640     0.122      0.15   0.09284   0.04172   0.06687  0.003923    0.0522
      6/99     1.73G   0.06889  0.003284   0.03721    0.1094        14       640     0.087       0.2   0.09243   0.04716   0.06662  0.003863   0.04783
      7/99     1.73G   0.06821   0.00289   0.02941    0.1005         6       640      0.14     0.125   0.09256   0.04706   0.06631  0.003844   0.04482
      8/99     1.73G   0.06606   0.00337   0.02949   0.09893         8       640     0.132     0.125   0.09357   0.05036   0.06615  0.003834   0.04235
      9/99     1.73G   0.06734  0.003161      0.03    0.1005        12       640    0.1171     0.125   0.09409   0.05141   0.06617  0.003836   0.03855
     10/99     1.73G   0.06847  0.003008   0.02982    0.1013         2       640    0.1676     0.125   0.09479   0.05049    0.0664  0.003823   0.03682
     11/99     1.73G   0.06494  0.002875   0.02443   0.09225         5       640    0.1672     0.125   0.09478   0.05154   0.06468  0.003867   0.03437
     12/99     1.73G   0.06581  0.003388   0.02528   0.09447        14       640    0.1602     0.125   0.09478    0.0491   0.06395  0.003875   0.03277
     13/99     1.73G   0.06966  0.002615   0.02326   0.09553        14       640    0.1033      0.25    0.1111   0.05094   0.06378   0.00388   0.03113
     14/99     1.73G   0.06615  0.002904   0.02202   0.09108         9       640    0.1885     0.125   0.09681   0.05138   0.06408  0.003829   0.02957
     15/99     1.73G   0.06863  0.003064   0.02202   0.09372         9       640    0.1862     0.125    0.0968   0.05031   0.06345  0.003865   0.02823
     16/99     1.73G   0.05928  0.002949   0.02129   0.08352         5       640    0.1893     0.125    0.1117   0.05299   0.06267  0.003905   0.02636
     17/99     1.73G   0.06777  0.002928   0.02225   0.09295        10       640    0.1834     0.125    0.1117   0.05299   0.06241    0.0039   0.02493
     18/99     1.73G   0.06136  0.003138   0.01885   0.08335        13       640    0.1607     0.125   0.09872   0.05207   0.06228  0.003918   0.02368
     19/99     1.73G   0.06615  0.003062   0.01732   0.08654         6       640    0.1444     0.125   0.09871   0.05499   0.06298  0.003912   0.02295
     20/99     1.73G   0.06588  0.003189   0.01828   0.08735         9       640    0.1408     0.125   0.09185   0.04983   0.06326  0.003881   0.02204
     21/99     1.73G   0.06178  0.003443   0.01794   0.08317         9       640    0.1324     0.135   0.09176   0.05222   0.06191  0.003935   0.02081
     22/99     1.73G    0.0605  0.003012   0.01635   0.07987        12       640    0.1368    0.1396   0.09061   0.05028   0.06139  0.003992   0.01976
     23/99     1.73G   0.06551  0.003211   0.01821   0.08693        15       640    0.1376    0.1436   0.09069   0.05174   0.06206  0.003911   0.01908
     24/99     1.73G   0.06479  0.002862   0.01702   0.08468         7       640    0.1392      0.15   0.09991   0.05817   0.06269  0.003853   0.01849
     25/99     1.73G   0.06775  0.002983   0.01731   0.08804        13       640    0.1441      0.15    0.0944   0.05719   0.06242   0.00389   0.01788
     26/99     1.73G   0.06286  0.003025   0.01532   0.08121         5       640      0.14      0.15   0.09984   0.05745    0.0622  0.003886   0.01708
     27/99     1.73G   0.06367  0.002799   0.01666   0.08312        12       640    0.1449    0.1549    0.1018   0.05763   0.06352  0.003822   0.01659
     28/99     1.73G    0.0605   0.00295   0.01533   0.07878         6       640    0.1432     0.159    0.1019   0.06138   0.06314  0.003878   0.01619
     29/99     1.73G   0.06583  0.003123   0.01539   0.08434        10       640     0.143    0.1573    0.1028   0.05943   0.06336  0.003903   0.01572
     30/99     1.73G   0.06175  0.003373    0.0157   0.08083         8       640    0.1537      0.15    0.1028   0.06021   0.06193  0.003954   0.01528
     31/99     1.73G   0.06245   0.00303   0.01484   0.08032        10       640    0.1511      0.15    0.1015   0.05717   0.06131  0.003964   0.01479
     32/99     1.73G   0.06514  0.002852   0.01451   0.08251        14       640    0.1444    0.1602   0.09679   0.05646   0.06103  0.003965   0.01454
     33/99     1.73G   0.05804  0.003018   0.01451   0.07556         7       640    0.1466    0.1644   0.09687    0.0572   0.06069  0.003989   0.01423
     34/99     1.73G   0.06053   0.00346   0.01492   0.07891        11       640     0.148     0.168   0.09682   0.05483   0.06103   0.00399   0.01379
     35/99     1.73G   0.06454  0.002994   0.01359   0.08112        10       640    0.1508    0.1731   0.09682   0.05483   0.06105  0.004023   0.01336
     36/99     1.73G   0.06346    0.0028   0.01271   0.07897         6       640    0.1505     0.175    0.1027   0.05896   0.06099  0.003985   0.01301
     37/99     1.73G   0.06568  0.003442   0.01425   0.08337        12       640    0.1568      0.15    0.1028   0.05804   0.06187  0.003981   0.01285
     38/99     1.73G   0.06033  0.003109   0.01184   0.07528         7       640    0.1498     0.175    0.1029   0.05898   0.06024  0.004031   0.01262
     39/99     1.73G   0.06362  0.002729   0.01236   0.07871         5       640    0.1493     0.175   0.09521   0.05463   0.06179  0.004053   0.01232
     40/99     1.73G   0.06062  0.002905   0.01281   0.07633        11       640    0.1603    0.1701   0.09709   0.05777   0.06301  0.004027   0.01199
     41/99     1.73G   0.05985  0.003023   0.01191   0.07479         4       640    0.1609    0.1717    0.0955   0.05222   0.06291  0.004019   0.01184
     42/99     1.73G   0.06147  0.003022   0.01314   0.07763        11       640    0.1615    0.1738   0.09685   0.05235   0.06113  0.004093   0.01159
     43/99     1.73G   0.06359  0.002909   0.01673   0.08323         4       640    0.1617     0.175   0.09686   0.05534   0.05999  0.004137   0.01176
     44/99     1.73G    0.0653  0.003202   0.01158   0.08009        11       640    0.1645    0.1711   0.09679   0.05505   0.06126  0.004057   0.01189
     45/99     1.73G   0.06434  0.003197   0.01164   0.07917        11       640     0.165    0.1728   0.09685   0.05366   0.06477   0.00391   0.01186
     46/99     1.73G   0.06411  0.003369   0.01475   0.08223        17       640    0.3628      0.17     0.107   0.05987   0.06373  0.003979   0.01201
     47/99     1.73G   0.05973  0.003143   0.01098   0.07385         5       640    0.3631     0.171     0.107   0.06069   0.06246  0.004019   0.01185
     48/99     1.73G   0.06173  0.002922    0.0122   0.07685        11       640    0.3645    0.1743    0.1065   0.06015   0.06031  0.004109   0.01149
     49/99     1.73G   0.06269  0.003033    0.0107   0.07643        13       640    0.3633     0.175     0.113   0.06307   0.06035  0.004109   0.01134
     50/99     1.73G   0.06313  0.003286   0.01092   0.07733        16       640    0.3644     0.175     0.113   0.06307   0.06143  0.004081   0.01108
     51/99     1.73G   0.06049  0.002875   0.01189   0.07525         7       640    0.3684    0.1714    0.1125   0.06385   0.06083  0.004107   0.01088
     52/99     1.73G   0.06109  0.003237   0.01137    0.0757         9       640    0.3685    0.1736    0.1088   0.06118   0.05974  0.004145    0.0106
     53/99     1.73G   0.05928  0.002929  0.009648   0.07185         6       640    0.3693     0.175    0.1086   0.06117   0.06031  0.004159   0.01057
     54/99     1.73G   0.06126  0.002979  0.009696   0.07394         6       640    0.3681     0.175    0.1005    0.0538   0.06089  0.004142    0.0104
     55/99     1.73G   0.06282  0.003647    0.0102   0.07667        11       640    0.3656     0.175    0.1129   0.06388   0.06249  0.004045   0.01039
     56/99     1.73G   0.06208  0.003222  0.009797    0.0751         7       640    0.3654    0.1736    0.1056   0.05992   0.06199  0.004061   0.01027
     57/99     1.73G   0.06112  0.003167   0.01059   0.07488        10       640    0.3698    0.1714     0.109   0.06128   0.05997  0.004136   0.01018
     58/99     1.73G    0.0583   0.00302  0.009294   0.07062         9       640    0.3709    0.1728    0.1069   0.06145   0.05999  0.004135   0.01005
     59/99     1.73G   0.06037  0.003126  0.009618   0.07311        10       640    0.3723    0.1737    0.1069   0.06005   0.06081  0.004121  0.009913
     60/99     1.73G   0.06119  0.003186  0.009789   0.07417        11       640    0.3912    0.1608    0.1092   0.05825   0.06075  0.004134  0.009808
     61/99     1.73G   0.05725  0.003327   0.00968   0.07026        11       640     0.377    0.1706    0.1072   0.05868   0.06172  0.004141  0.009759
     62/99     1.73G   0.06293  0.002981  0.009906   0.07581         4       640    0.3777    0.1728    0.1074     0.059   0.06166  0.004155  0.009702
     63/99     1.73G   0.06337  0.003331   0.01055   0.07725        18       640    0.3774    0.1728    0.1091   0.06119   0.06146  0.004162  0.009634
     64/99     1.73G   0.06043  0.003278   0.00973   0.07344        12       640    0.3769     0.172    0.1096   0.05939    0.0608  0.004172  0.009577
     65/99     1.73G   0.06126  0.003396  0.009924   0.07458        14       640    0.3773    0.1737    0.1096   0.05778   0.06014  0.004167  0.009389
     66/99     1.73G   0.05841  0.003112   0.01036   0.07188         8       640    0.3766    0.1732    0.1096   0.05941   0.06043  0.004144   0.00927
     67/99     1.73G   0.06062  0.003246  0.009775   0.07364        12       640    0.3774    0.1749    0.1099   0.05945   0.06217  0.004078   0.00921
     68/99     1.73G   0.05883  0.003122   0.01005     0.072         5       640    0.3773     0.175    0.1144   0.05871   0.06283  0.004054  0.009146
     69/99     1.73G   0.05853  0.003401   0.00891   0.07084         7       640    0.3753     0.175    0.1142   0.05897   0.06279  0.004079  0.009076
     70/99     1.73G    0.0559  0.002788   0.01053   0.06923         4       640    0.3948     0.175    0.1199   0.06092   0.06278  0.004064   0.00904
     71/99     1.73G   0.06083   0.00351   0.00944   0.07378        11       640    0.4112     0.175    0.1226   0.06146   0.06215  0.004073  0.009048
     72/99     1.73G   0.06032  0.003082  0.009178   0.07258         9       640    0.4024     0.175    0.1228   0.06171   0.06144  0.004091  0.008964
     73/99     1.73G   0.05845  0.003367  0.009504   0.07132        10       640    0.3958     0.175    0.1227   0.06119   0.06188    0.0041  0.008809
     74/99     1.73G   0.05858  0.003142  0.009861   0.07159         9       640     0.411    0.1748    0.1227   0.06169   0.06161  0.004121  0.008702
     75/99     1.73G   0.06152  0.003085  0.008752   0.07335        10       640    0.4068     0.175    0.1228   0.05924   0.06191  0.004115  0.008689
     76/99     1.73G   0.05851  0.003125  0.008828   0.07046         6       640    0.3987     0.175    0.1231   0.05959   0.06153   0.00415  0.008742
     77/99     1.73G   0.05948  0.003409  0.008778   0.07167         9       640    0.3988     0.175     0.119   0.05766   0.06106  0.004189    0.0087
     78/99     1.73G   0.05798  0.003403  0.009087   0.07047         9       640    0.4044     0.175    0.1187   0.05566   0.06104  0.004164  0.008724
     79/99     1.73G    0.0625  0.003384  0.009513    0.0754        19       640    0.3996     0.175    0.1231   0.05904   0.06164  0.004143  0.008722
     80/99     1.73G   0.05984  0.003382  0.009333   0.07256         9       640    0.4024     0.175    0.1232   0.05653   0.06168  0.004159  0.008608
     81/99     1.73G   0.05973  0.003723  0.009473   0.07293        12       640    0.3996     0.175    0.1232   0.05658   0.06147  0.004194  0.008624
     82/99     1.73G   0.05986  0.003231   0.00959   0.07268        10       640    0.3965     0.175    0.1226   0.05621   0.06159  0.004197   0.00853
     83/99     1.73G   0.05764  0.003288  0.009071      0.07         8       640    0.4254    0.1737    0.1231   0.05654   0.06198   0.00419  0.008524
     84/99     1.73G   0.05779  0.002816  0.009344   0.06995         9       640    0.6225    0.1729    0.1229    0.0565   0.06182  0.004209  0.008532
     85/99     1.73G   0.06231  0.002978  0.009401   0.07469        12       640    0.4247     0.175    0.1228   0.05673   0.06162  0.004222  0.008486
     86/99     1.73G   0.05821  0.003108  0.008475   0.06979        10       640    0.4124     0.175    0.1229   0.05676   0.06091  0.004226   0.00846
     87/99     1.73G   0.05841  0.003431  0.008672   0.07051        12       640    0.4137     0.175    0.1233   0.05686   0.06092  0.004205  0.008468
     88/99     1.73G   0.05686  0.003079  0.008016   0.06795         3       640    0.4063     0.175    0.1269   0.05732   0.06083  0.004183  0.008485
     89/99     1.73G   0.05913  0.003576  0.009979   0.07268         8       640    0.4134     0.175    0.1321   0.06115   0.06077  0.004183  0.008482
     90/99     1.73G   0.05738  0.003099  0.008605   0.06909         8       640    0.6111     0.175     0.132   0.06136   0.06071  0.004184   0.00863
     91/99     1.73G    0.0557  0.003055  0.008181   0.06694         5       640    0.6117     0.175    0.1339   0.06094   0.06084  0.004175  0.008541
     92/99     1.73G   0.05821  0.003355   0.01001   0.07157        10       640    0.6149     0.175    0.1339   0.06112   0.06091  0.004167  0.008507
     93/99     1.73G   0.05792  0.003147   0.00948   0.07055         8       640     0.414     0.175    0.1271   0.05932   0.06107  0.004162  0.008554
     94/99     1.73G   0.05693  0.002986  0.008547   0.06846         5       640    0.4108     0.175    0.1271   0.05959   0.06108  0.004184  0.008531
     95/99     1.73G   0.05813  0.003324  0.008172   0.06963         6       640    0.4101     0.175    0.1275    0.0597   0.06107  0.004189  0.008508
     96/99     1.73G   0.06002  0.003323  0.008396   0.07174        10       640    0.4079     0.175     0.132   0.06101   0.06088  0.004194  0.008495
     97/99     1.73G    0.0587  0.003536  0.009147   0.07138         8       640    0.4093     0.175    0.1277   0.05977   0.06074  0.004217   0.00849
     98/99     1.73G   0.05962  0.003445  0.008484   0.07155        15       640    0.4117     0.175    0.1269   0.05924   0.06074  0.004218  0.008522
     99/99     1.73G   0.06035  0.003285  0.009653   0.07329         9       640    0.4128     0.175    0.1273   0.05935   0.06083  0.004215  0.008554
