      0/49     1.06G   0.06674    0.0189    0.0194     0.105       183       640    0.7581    0.1961    0.1062   0.02728   0.08022   0.03668   0.01979
      1/49      6.1G   0.05345   0.01582  0.004931   0.07419       192       640    0.6125    0.6063    0.6127    0.2538   0.06663   0.03308   0.01781
      2/49     7.59G   0.04639   0.01458  0.003892   0.06486       198       640    0.7584    0.7445    0.7844    0.3049   0.06105   0.03459   0.01759
      3/49     7.59G   0.04146   0.01387  0.003247   0.05857       154       640    0.9069    0.8893    0.9307    0.4891   0.05755   0.03439   0.01551
      4/49     7.59G   0.03864   0.01313  0.002661   0.05442       126       640    0.9207    0.9181    0.9608    0.5441   0.05364   0.03312   0.01378
      5/49     7.59G   0.03683   0.01291  0.002349   0.05209       149       640     0.914    0.8308    0.9245     0.555   0.05961   0.03076   0.01252
      6/49     7.59G   0.03559   0.01242  0.002095    0.0501       171       640    0.9572    0.9232    0.9654    0.6152   0.05191   0.03434   0.01218
      7/49      7.6G   0.04061   0.01321  0.002618   0.05644       168       640    0.8671    0.8868    0.9409     0.582   0.05469   0.03652   0.01295
      8/49      7.6G   0.03731   0.01247   0.00229   0.05207       147       640     0.967    0.9219    0.9646    0.6011   0.05473   0.03542   0.01193
      9/49      7.6G   0.03469   0.01235  0.001945   0.04899       172       640    0.9682    0.9239    0.9677    0.6074   0.05257   0.03243   0.01189
     10/49      7.6G     0.033   0.01216  0.001668   0.04682       145       640    0.9766    0.9551    0.9793    0.6404   0.04652   0.03553   0.01228
     11/49      7.6G   0.03242   0.01189  0.001527   0.04584       181       640    0.9709    0.9526    0.9799    0.6982   0.04445   0.03669   0.01157
     12/49      7.6G   0.03151   0.01206  0.001522   0.04509       166       640    0.9637    0.9485    0.9735    0.6913   0.04484   0.03351   0.01025
     13/49      7.6G   0.03066   0.01193  0.001403   0.04399       194       640    0.9547    0.9615    0.9613    0.6659    0.0429   0.03786   0.01082
     14/49      7.6G   0.02978   0.01155  0.001285   0.04262       191       640    0.9829    0.9624    0.9767    0.7343   0.04079   0.03666   0.00983
     15/49      7.6G   0.02941   0.01152  0.001228   0.04216       188       640    0.9754    0.9654    0.9866    0.7354    0.0397   0.03622  0.009709
     16/49      7.6G   0.02877   0.01156  0.001204   0.04153       175       640    0.9793    0.9639    0.9786    0.7278   0.03941   0.03657   0.01094
     17/49      7.6G   0.02852   0.01155  0.001097   0.04117       182       640    0.9879      0.96    0.9855    0.7311    0.0379   0.03864   0.01065
     18/49      7.6G   0.02805   0.01128   0.00112   0.04045       170       640    0.9919    0.9585    0.9843    0.7185   0.03729   0.03944  0.009052
     19/49      7.6G   0.02762   0.01121 0.0009851   0.03982       155       640    0.9966     0.966    0.9868    0.7643    0.0362   0.03866  0.008639
     20/49      7.6G   0.02725   0.01131 0.0009812   0.03954       186       640    0.9913    0.9623    0.9788      0.76   0.03644   0.03803   0.01037
     21/49      7.6G   0.02709   0.01122 0.0009611   0.03928       135       640    0.9864    0.9693    0.9864    0.7487   0.03532   0.03848  0.009067
     22/49      7.6G   0.02625   0.01127 0.0008709   0.03839       175       640    0.9891    0.9641    0.9888    0.7631   0.03452   0.03981   0.01026
     23/49      7.6G   0.02602   0.01088 0.0008517   0.03776       162       640    0.9826    0.9668    0.9845    0.7575   0.03411   0.03878   0.01215
     24/49      7.6G   0.02546   0.01085 0.0008026   0.03711       161       640    0.9963    0.9614    0.9836    0.7718   0.03488   0.03716  0.007809
     25/49      7.6G    0.0253   0.01098 0.0008059   0.03709       179       640    0.9872    0.9758    0.9863      0.78   0.03373    0.0393  0.007997
     26/49      7.6G     0.025   0.01087 0.0008131   0.03668       157       640    0.9958    0.9664    0.9885    0.7765   0.03443   0.03758  0.007453
     27/49      7.6G   0.02456   0.01067 0.0007321   0.03597       158       640    0.9854    0.9664    0.9875    0.7835   0.03314   0.03899  0.007349
     28/49      7.6G   0.02435   0.01069 0.0006807   0.03573       178       640    0.9864    0.9672    0.9843     0.789   0.03329    0.0383  0.006961
     29/49      7.6G   0.02405   0.01061 0.0006239   0.03529       165       640    0.9949    0.9729    0.9898     0.792   0.03247    0.0388   0.00697
     30/49      7.6G   0.02377   0.01086 0.0006354   0.03527       176       640     0.996    0.9714    0.9893    0.7766   0.03239    0.0385  0.006754
     31/49      7.6G   0.02334   0.01039 0.0005819   0.03432       154       640    0.9948    0.9714    0.9893     0.811   0.03092   0.03862  0.006613
     32/49      7.6G   0.02324   0.01048 0.0005754   0.03429       123       640    0.9984    0.9602     0.986    0.8017   0.03045   0.03959  0.006562
     33/49      7.6G   0.02284   0.01038 0.0005598   0.03377       171       640    0.9894    0.9703    0.9886    0.8044   0.03049   0.03781  0.006369
     34/49      7.6G   0.02255   0.01016  0.000529   0.03325       199       640    0.9779    0.9889    0.9924    0.8175   0.02964   0.03841  0.006108
     35/49      7.6G   0.02239   0.01024  0.000466   0.03309       176       640      0.99    0.9675    0.9865    0.8145      0.03   0.03842  0.006046
     36/49      7.6G   0.02215   0.01021  0.000492   0.03285       187       640     0.989     0.975    0.9928    0.8299   0.03015   0.03745  0.005892
     37/49      7.6G   0.02238   0.01001 0.0004334   0.03283       176       640    0.9947    0.9734    0.9908    0.8154   0.02985   0.03798  0.005639
     38/49      7.6G   0.02197   0.01011 0.0004013   0.03248       153       640    0.9883    0.9767    0.9899    0.8193   0.02954    0.0379   0.00567
     39/49      7.6G   0.02188   0.01016 0.0004395   0.03248       189       640    0.9957    0.9732    0.9905    0.8287   0.02969    0.0374  0.005794
     40/49      7.6G   0.02136   0.00992   0.00039   0.03168       178       640    0.9887    0.9765    0.9905    0.8188   0.02962   0.03762  0.005612
     41/49      7.6G   0.02162   0.01003 0.0003844   0.03203       191       640    0.9914    0.9745    0.9902    0.8294   0.02934   0.03685  0.005649
     42/49      7.6G   0.02136   0.01011 0.0004003   0.03187       156       640    0.9932    0.9771    0.9911    0.8409   0.02928   0.03715  0.005522
     43/49      7.6G   0.02129  0.009995 0.0003983   0.03168       155       640    0.9874     0.979     0.991    0.8372    0.0289   0.03716  0.005463
     44/49      7.6G   0.02114  0.009716 0.0003588   0.03121       186       640    0.9895    0.9767    0.9909    0.8348   0.02908   0.03732  0.005431
     45/49      7.6G   0.02092  0.009908 0.0003439   0.03117       152       640    0.9965    0.9724    0.9911    0.8391   0.02896    0.0371  0.005324
     46/49      7.6G   0.02101  0.009895 0.0003611   0.03127       211       640    0.9925     0.975    0.9909    0.8352   0.02882   0.03681   0.00529
     47/49      7.6G     0.021  0.009869 0.0003661   0.03124       142       640    0.9939    0.9736    0.9906    0.8374   0.02864   0.03672  0.005188
     48/49      7.6G   0.02076  0.009718 0.0003529   0.03083       145       640     0.993    0.9743    0.9908    0.8405   0.02867   0.03681  0.005233
     49/49      7.6G     0.021   0.00973 0.0003349   0.03106       151       640    0.9947    0.9729    0.9908    0.8417   0.02879   0.03678  0.005218
