      0/99    0.455G   0.07006   0.02426   0.03255    0.1269        52       640    0.9527   0.04789   0.04208   0.01199   0.08301   0.05068   0.03486
      1/99     6.45G   0.05436   0.01989   0.01602   0.09028        45       640    0.9876   0.06683    0.0825   0.04265   0.07494   0.04279   0.03241
      2/99     6.45G   0.04752   0.01837   0.01047   0.07635        46       640    0.8334    0.2416    0.2522    0.1013   0.07353   0.04044   0.03089
      3/99     6.45G   0.04389    0.0178  0.008019   0.06971        39       640     0.898    0.2685    0.3067    0.1386   0.06895   0.03928    0.0292
      4/99     6.45G   0.04092   0.01708  0.006699    0.0647        36       640    0.8881    0.3032    0.3251    0.1442   0.06816    0.0365   0.02753
      5/99     6.45G   0.03882   0.01652   0.00625   0.06159        55       640    0.9012    0.3555    0.4126    0.2176   0.05978   0.03825   0.02607
      6/99     6.45G   0.03884   0.01624  0.005863   0.06095        46       640    0.9082    0.3669    0.4367    0.2279   0.06073   0.03755   0.02383
      7/99     6.45G   0.03835   0.01632  0.005839   0.06051        38       640    0.8632    0.4694    0.5113     0.288   0.05679   0.03659   0.02265
      8/99     6.45G   0.03524   0.01596  0.005443   0.05665        50       640    0.8592    0.4992    0.5313    0.3234   0.05456   0.03692    0.0218
      9/99     6.45G   0.03321   0.01554  0.004852   0.05359        33       640    0.9317    0.4835    0.5549    0.3227   0.05248   0.03727   0.02063
     10/99     6.45G   0.03226   0.01538  0.004351   0.05199        39       640    0.9284    0.5236    0.5557    0.3165   0.05139   0.03694   0.02039
     11/99     6.45G   0.03133   0.01533  0.003876   0.05053        36       640     0.924    0.5374    0.5673    0.3378    0.0502   0.03755   0.01981
     12/99     6.45G   0.03077   0.01498  0.003587   0.04934        61       640    0.9659    0.5331    0.5952    0.3676   0.04986   0.03707   0.01973
     13/99     6.45G   0.03015    0.0148  0.003663   0.04861        39       640    0.9176    0.5427    0.5927     0.365   0.04882   0.03749   0.01924
     14/99     6.45G   0.02958    0.0147  0.003237   0.04752        38       640    0.9266    0.5524    0.6088    0.3738   0.04813   0.03715   0.01938
     15/99     6.45G   0.02912   0.01461  0.003043   0.04677        50       640    0.9465    0.5577    0.6214    0.4048   0.04707   0.03797   0.01905
     16/99     6.45G   0.02843   0.01451  0.002877   0.04581        41       640    0.9422    0.5553    0.6277    0.4007   0.04688   0.03686   0.01913
     17/99     6.45G   0.02818   0.01441  0.002799   0.04539        33       640    0.9441    0.5478    0.6592     0.405    0.0461   0.03693   0.01868
     18/99     6.45G   0.02745   0.01427  0.002593   0.04431        58       640    0.9378     0.571    0.6837      0.43   0.04592   0.03649   0.01865
     19/99     6.45G   0.02732   0.01395  0.002572   0.04385        42       640    0.9582    0.5626     0.683    0.4295   0.04607   0.03583   0.01854
     20/99     6.45G   0.02705   0.01411  0.002538   0.04369        36       640     0.977    0.5477     0.696    0.4352   0.04545   0.03561   0.01862
     21/99     6.45G   0.02651   0.01399  0.002306    0.0428        41       640    0.4551    0.8347    0.7052    0.4415     0.045   0.03672   0.01819
     22/99     6.45G   0.02652    0.0138  0.002293   0.04262        49       640    0.6735    0.6936    0.7003    0.4451   0.04464   0.03692   0.01796
     23/99     6.45G   0.02631   0.01389   0.00223   0.04243        48       640    0.6214    0.6938    0.7423    0.4722   0.04446   0.03642   0.01801
     24/99     6.45G   0.02613   0.01377  0.002169   0.04206        32       640    0.7444    0.6638    0.7254    0.4695   0.04424   0.03654   0.01786
     25/99     6.45G    0.0259   0.01352   0.00214   0.04155        36       640    0.5919    0.7148    0.7389    0.4746   0.04416   0.03643   0.01766
     26/99     6.45G   0.02579   0.01347  0.002107   0.04137        40       640    0.5394    0.7896     0.725    0.4685   0.04424    0.0384   0.01788
     27/99     6.45G   0.02541   0.01332  0.002026   0.04075        43       640    0.7247    0.6578    0.7278     0.481   0.04414   0.03735   0.01762
     28/99     6.45G   0.02552   0.01324  0.001926   0.04069        26       640    0.6023    0.7718    0.7349    0.4942   0.04369   0.03747   0.01741
     29/99     6.45G   0.02497   0.01309  0.001914   0.03998        54       640    0.5743    0.8215    0.7492    0.4899   0.04353   0.03779   0.01725
     30/99     6.45G   0.02487   0.01331  0.001879   0.04006        34       640    0.7678    0.7401    0.7486    0.4821   0.04361   0.03704   0.01696
     31/99     6.45G    0.0249   0.01321  0.001765   0.03988        39       640    0.7067    0.7546     0.778    0.4991   0.04313    0.0374   0.01691
     32/99     6.45G   0.02475   0.01311  0.001839   0.03969        35       640    0.6867    0.7758    0.7581    0.5011   0.04334   0.03755   0.01661
     33/99     6.45G   0.02484     0.013  0.001826   0.03967        44       640    0.7513    0.7162    0.7847    0.5034   0.04262   0.03774   0.01648
     34/99     6.45G   0.02461   0.01305   0.00176   0.03942        27       640    0.6945    0.8043     0.788    0.5193   0.04249   0.03775   0.01623
     35/99     6.45G   0.02447   0.01287  0.001754   0.03909        44       640    0.7386    0.7289    0.7888    0.5059   0.04254   0.03761   0.01634
     36/99     6.45G   0.02419   0.01296  0.001718   0.03886        31       640    0.7458    0.8107    0.8126     0.525   0.04263   0.03777   0.01602
     37/99     6.45G    0.0243   0.01295  0.001655   0.03891        29       640    0.7128    0.7616    0.8064    0.5386   0.04219   0.03799   0.01577
     38/99     6.46G    0.0241   0.01282    0.0016   0.03852        41       640    0.9071    0.7467    0.8208    0.5395   0.04207   0.03806   0.01587
     39/99     6.46G   0.02392   0.01294   0.00165   0.03851        58       640    0.7986    0.7685    0.8352    0.5301   0.04206    0.0379   0.01547
     40/99     6.46G   0.02398   0.01271   0.00158   0.03826        31       640    0.8398    0.8061    0.8362    0.5429   0.04178   0.03834   0.01554
     41/99     6.46G   0.02398    0.0127  0.001596   0.03827        44       640    0.7941    0.8293    0.8452    0.5464   0.04181   0.03817   0.01544
     42/99     6.46G   0.02377   0.01296  0.001544   0.03827        48       640     0.759    0.8071    0.8324    0.5262   0.04155    0.0383   0.01512
     43/99     6.46G   0.02385   0.01298  0.001594   0.03843        54       640    0.7309     0.852     0.825    0.5488   0.04108   0.03812   0.01498
     44/99     6.46G    0.0235    0.0127  0.001539   0.03774        28       640    0.7292    0.8266    0.8317     0.538   0.04118   0.03816   0.01493
     45/99     6.46G   0.02342   0.01285  0.001531   0.03779        46       640     0.743    0.8218     0.835    0.5599   0.04097   0.03901   0.01479
     46/99     6.46G   0.02348   0.01269  0.001462   0.03764        46       640    0.7663    0.8121    0.8371    0.5532   0.04105   0.03842   0.01499
     47/99     6.46G   0.02327   0.01255  0.001525   0.03735        35       640    0.7535    0.7996     0.843    0.5602   0.04069   0.03831   0.01478
     48/99     6.46G   0.02328    0.0126  0.001501   0.03738        36       640     0.781    0.7978    0.8377    0.5444   0.04066   0.03834   0.01477
     49/99     6.46G    0.0231   0.01258  0.001377   0.03705        53       640    0.7669    0.7951    0.8393    0.5489   0.04063   0.03791   0.01454
     50/99     6.46G   0.02318   0.01258  0.001491   0.03725        52       640    0.7553    0.8481    0.8371    0.5501   0.04087   0.03863   0.01459
     51/99     6.46G   0.02308   0.01272    0.0015   0.03729        49       640    0.7517    0.8341    0.8452    0.5644   0.04072   0.03867   0.01435
     52/99     6.46G   0.02292   0.01245  0.001438   0.03682        38       640    0.7931     0.857    0.8555     0.561   0.04039    0.0382   0.01446
     53/99     6.46G   0.02315   0.01265  0.001406    0.0372        38       640    0.7651    0.8325    0.8531    0.5579   0.04031   0.03868   0.01435
     54/99     6.46G   0.02277   0.01258  0.001348    0.0367        43       640    0.7591    0.8718    0.8542      0.56   0.04023    0.0385    0.0142
     55/99     6.46G   0.02302   0.01242  0.001347   0.03679        39       640    0.7433    0.8439    0.8404    0.5518   0.04021   0.03868   0.01405
     56/99     6.46G   0.02283   0.01231  0.001321   0.03646        35       640    0.7547    0.8719    0.8523    0.5581   0.04035   0.03842   0.01405
     57/99     6.46G   0.02278   0.01244  0.001331   0.03655        33       640    0.7533    0.8726    0.8497    0.5579   0.04017   0.03884     0.014
     58/99     6.46G   0.02274   0.01245  0.001275   0.03647        30       640    0.7413    0.8479    0.8442    0.5803   0.04005   0.03794   0.01372
     59/99     6.46G   0.02263   0.01242  0.001266   0.03632        55       640    0.7694    0.8807    0.8616    0.5669   0.04017   0.03832   0.01367
     60/99     6.46G   0.02246   0.01239  0.001327   0.03618        30       640    0.8295     0.792     0.852     0.577   0.04005   0.03824    0.0136
     61/99     6.46G   0.02265   0.01238   0.00126   0.03629        43       640    0.7555    0.8766    0.8575    0.5776   0.03994   0.03855   0.01368
     62/99     6.46G   0.02244   0.01224  0.001189   0.03588        39       640    0.7357    0.9059     0.861    0.5604   0.03994   0.03807   0.01357
     63/99     6.46G   0.02237    0.0123  0.001214   0.03589        64       640    0.7426    0.8945    0.8589    0.5944   0.03981   0.03864   0.01348
     64/99     6.46G   0.02236   0.01233   0.00119   0.03589        37       640    0.7673    0.8626    0.8534    0.5698   0.03967   0.03831   0.01336
     65/99     6.46G   0.02251   0.01227  0.001217     0.036        60       640    0.8109    0.8636    0.8701    0.5935   0.03976   0.03845   0.01328
     66/99     6.46G   0.02194   0.01209   0.00114   0.03517        37       640    0.7516    0.8693    0.8618    0.5887   0.03959   0.03833   0.01316
     67/99     6.46G   0.02234   0.01211  0.001138   0.03559        33       640    0.7916    0.8622    0.8607    0.5812   0.03978   0.03818   0.01327
     68/99     6.46G   0.02229   0.01211  0.001164   0.03557        29       640    0.7507    0.8539    0.8536    0.5762   0.03979   0.03819   0.01319
     69/99     6.46G   0.02203   0.01209  0.001112   0.03523        40       640    0.7582    0.8855    0.8587     0.567   0.03969    0.0382   0.01296
     70/99     6.46G   0.02221   0.01206   0.00115   0.03543        53       640    0.7731    0.8807    0.8669    0.5853   0.03958   0.03833   0.01286
     71/99     6.46G   0.02206   0.01228  0.001148   0.03548        54       640    0.7836    0.8647     0.862     0.597   0.03958   0.03805   0.01288
     72/99     6.46G   0.02198   0.01227  0.001167   0.03542        53       640    0.7675    0.8942    0.8674    0.5901   0.03953   0.03816   0.01296
     73/99     6.46G   0.02216    0.0123  0.001124   0.03558        49       640    0.7543     0.901    0.8636    0.5804   0.03953     0.038   0.01293
     74/99     6.46G   0.02196    0.0121  0.001109   0.03517        60       640    0.7791    0.8773     0.864    0.5874    0.0394   0.03815   0.01309
     75/99     6.46G   0.02213   0.01203  0.001113   0.03527        34       640    0.7753    0.9016    0.8714     0.597   0.03941   0.03786   0.01279
     76/99     6.46G   0.02209   0.01224  0.001181   0.03551        32       640    0.7454    0.9158    0.8771    0.5966   0.03953   0.03795   0.01292
     77/99     6.46G   0.02198    0.0121  0.001079   0.03516        48       640    0.7716    0.9137    0.8784    0.6009   0.03946   0.03783   0.01285
     78/99     6.46G   0.02202   0.01202  0.001191   0.03523        26       640    0.7795    0.9011    0.8708    0.5777   0.03947   0.03805   0.01294
     79/99     6.46G    0.0218   0.01212  0.001087   0.03501        46       640    0.7827    0.8996    0.8729    0.5898   0.03952   0.03787   0.01284
     80/99     6.46G   0.02177   0.01217 0.0009868   0.03493        38       640    0.7829    0.9159    0.8816    0.6106   0.03947   0.03772   0.01277
     81/99     6.46G   0.02172   0.01192  0.001111   0.03475        43       640    0.7737    0.9133    0.8754    0.5992   0.03949   0.03791   0.01283
     82/99     6.46G   0.02168   0.01199  0.001117   0.03479        54       640    0.7854    0.9137      0.88    0.6033   0.03948     0.038   0.01278
     83/99     6.46G   0.02159   0.01199  0.001083   0.03467        37       640    0.7742    0.9136     0.873    0.5927   0.03945   0.03806   0.01276
     84/99     6.46G   0.02166   0.01203  0.001076   0.03476        36       640    0.7756    0.8953    0.8706    0.6042   0.03938   0.03783   0.01272
     85/99     6.46G   0.02165   0.01197  0.001032   0.03466        35       640    0.7772    0.9196    0.8782    0.5962   0.03934   0.03786   0.01271
     86/99     6.46G   0.02169   0.01192  0.001052   0.03466        43       640    0.7802    0.9137    0.8832    0.6113   0.03934   0.03801   0.01273
     87/99     6.46G   0.02173   0.01196  0.001048   0.03474        44       640     0.787    0.8794    0.8763    0.6032   0.03937   0.03794   0.01268
     88/99     6.46G   0.02169   0.01194  0.001097   0.03473        37       640    0.7702    0.9159    0.8786    0.6038   0.03936   0.03796   0.01276
     89/99     6.46G   0.02164   0.01207 0.0009981    0.0347        39       640    0.7693    0.9138    0.8736     0.604   0.03939   0.03797   0.01275
     90/99     6.46G   0.02164   0.01193  0.001047   0.03462        42       640    0.7847    0.8946    0.8778    0.6001   0.03934   0.03784   0.01272
     91/99     6.46G   0.02173   0.01201  0.001059   0.03481        34       640     0.789     0.879    0.8738    0.6065   0.03932   0.03783   0.01271
     92/99     6.46G   0.02149   0.01199  0.001056   0.03453        37       640    0.7946    0.8783    0.8726     0.601   0.03934   0.03785   0.01269
     93/99     6.46G   0.02147   0.01199  0.001108   0.03457        36       640    0.7952    0.8794    0.8765    0.6069   0.03932    0.0378   0.01269
     94/99     6.46G   0.02161   0.01197  0.001045   0.03462        45       640    0.7898    0.8733    0.8754    0.6041   0.03934   0.03795   0.01269
     95/99     6.46G   0.02165   0.01188  0.001109   0.03464        34       640    0.7891    0.8794     0.876    0.6023   0.03934   0.03797    0.0127
     96/99     6.46G   0.02164   0.01202  0.001025   0.03468        40       640    0.7872    0.8772    0.8745    0.6002   0.03933   0.03784    0.0127
     97/99     6.46G   0.02152    0.0119 0.0009944   0.03442        36       640    0.7899    0.8772    0.8758    0.6056   0.03933   0.03782    0.0127
     98/99     6.46G    0.0216   0.01209  0.001058   0.03474        42       640    0.7911    0.8792    0.8784    0.6063   0.03932   0.03789   0.01269
     99/99     6.46G   0.02161   0.01205  0.001059   0.03472        30       640    0.7922    0.8793     0.877    0.6059   0.03931   0.03788   0.01271
