      0/49     1.08G    0.0672   0.01974   0.01927    0.1062       136       640    0.8222    0.1734     0.168   0.05601   0.08112   0.03371    0.0313
      1/49     6.72G   0.05424    0.0162  0.004407   0.07485       143       640    0.6007    0.6011    0.6165    0.3194   0.06977    0.0298    0.0274
      2/49      7.3G   0.04591   0.01531  0.003641   0.06487       140       640    0.7526    0.7398    0.7982     0.383   0.05651   0.03093   0.03048
      3/49      7.3G     0.042   0.01426  0.003087   0.05935       135       640    0.7945     0.866    0.8749    0.4873   0.05397   0.03182   0.02905
      4/49      7.3G   0.03906   0.01344  0.002557   0.05506       120       640    0.9481    0.8936    0.9523    0.5756   0.04917   0.03252   0.02513
      5/49      7.3G   0.03705   0.01319  0.002403   0.05265       179       640    0.9135    0.9076    0.9395    0.5275   0.05309   0.03034   0.02279
      6/49      7.3G   0.03606     0.013  0.002164   0.05123       124       640     0.918    0.8591    0.9372     0.532   0.05069   0.03019   0.02302
      7/49     7.31G    0.0378   0.01291  0.002208   0.05291       121       640    0.8446     0.884    0.9158     0.517   0.05292   0.03249   0.02148
      8/49     7.31G   0.03789   0.01278   0.00226   0.05293       129       640    0.9436    0.8845    0.9462    0.5947   0.04992   0.03028   0.02205
      9/49     7.31G   0.03579   0.01265  0.002016   0.05046       126       640    0.9108    0.8851    0.9312    0.5554   0.04839   0.03226   0.02357
     10/49     7.31G   0.03342   0.01232   0.00183   0.04757       149       640    0.9647    0.9183    0.9695    0.6359   0.04862   0.03043   0.01557
     11/49     7.31G   0.03199   0.01211   0.00161   0.04572       131       640    0.9197    0.9368    0.9738    0.6606   0.04542   0.03297   0.01483
     12/49     7.31G   0.03141     0.012  0.001432   0.04484       154       640    0.9585    0.9421    0.9781     0.691   0.04671   0.03089   0.01402
     13/49     7.31G   0.03101    0.0121  0.001392   0.04451       131       640    0.9191    0.9225     0.951    0.6347   0.04396   0.03403   0.01346
     14/49     7.31G   0.02956   0.01176  0.001262   0.04258       115       640    0.9734    0.9376    0.9834    0.7082    0.0447   0.03086    0.0155
     15/49     7.31G   0.02903   0.01162  0.001183   0.04183       156       640    0.9585    0.9408    0.9738    0.7206    0.0441   0.03208    0.0137
     16/49     7.31G   0.02855   0.01143  0.001113   0.04109       114       640    0.9858    0.9545    0.9796    0.7074   0.04182   0.03127   0.01315
     17/49     7.31G   0.02804   0.01147  0.001024   0.04053       121       640     0.986     0.929    0.9827    0.7063   0.04222   0.03385   0.01358
     18/49     7.31G   0.02747   0.01129  0.000982   0.03974       125       640    0.9886    0.9554    0.9857     0.748   0.04238   0.03173   0.01329
     19/49     7.31G   0.02716   0.01123  0.001005    0.0394       120       640    0.9759     0.976    0.9904    0.7293   0.04036   0.03212   0.01178
     20/49     7.31G   0.02703   0.01123  0.000932   0.03919       122       640    0.9777    0.9768    0.9925    0.7501   0.04019   0.03323   0.01118
     21/49     7.31G   0.02646   0.01134 0.0008642   0.03866       118       640    0.9953    0.9572    0.9897    0.7297   0.04096   0.03459   0.01076
     22/49     7.31G   0.02643   0.01115 0.0008281   0.03841       133       640    0.9877    0.9624    0.9893    0.7431   0.03925   0.03559   0.01143
     23/49     7.31G   0.02574   0.01104 0.0007777   0.03756       129       640    0.9836    0.9699    0.9911    0.7582      0.04   0.03577   0.01135
     24/49     7.31G   0.02564    0.0107 0.0007736   0.03712       137       640    0.9826    0.9699    0.9913    0.7602   0.03629   0.03532   0.01075
     25/49     7.31G   0.02485   0.01075 0.0007119   0.03631       115       640    0.9841    0.9687    0.9923    0.7374   0.03606   0.03507   0.01044
     26/49     7.31G   0.02496    0.0108 0.0006845   0.03645       106       640    0.9926    0.9558    0.9862    0.7492   0.03552   0.03361  0.009757
     27/49     7.31G   0.02444   0.01081 0.0006966   0.03595       143       640    0.9824    0.9426    0.9827    0.7608   0.03625   0.03473   0.01035
     28/49     7.31G   0.02432   0.01079 0.0006542   0.03577       129       640    0.9948    0.9658    0.9918    0.7699   0.03512   0.03638   0.01028
     29/49     7.31G   0.02395   0.01074 0.0005616   0.03525       101       640    0.9924    0.9676    0.9931    0.7776   0.03285   0.03547  0.009019
     30/49     7.31G   0.02369    0.0107 0.0005567   0.03494       134       640    0.9914    0.9714    0.9924    0.7845   0.03254   0.03584  0.008798
     31/49     7.31G   0.02318   0.01047 0.0005132   0.03417       121       640    0.9845     0.971    0.9927     0.783    0.0333   0.03614  0.008448
     32/49     7.31G   0.02315   0.01054 0.0004878   0.03418       143       640    0.9948    0.9652    0.9891    0.7899   0.03235   0.03504   0.00839
     33/49     7.31G   0.02291   0.01033 0.0005355   0.03378       116       640    0.9787    0.9722    0.9903     0.795   0.03246    0.0364  0.008538
     34/49     7.31G   0.02261   0.01025 0.0004644   0.03333       126       640    0.9963    0.9605    0.9931    0.7965   0.03139   0.03628  0.008469
     35/49     7.31G   0.02234   0.01024 0.0004558   0.03303       127       640    0.9851    0.9736     0.993    0.8004   0.03145   0.03604  0.007967
     36/49     7.31G   0.02196   0.01008  0.000411   0.03245        99       640    0.9894    0.9654     0.993    0.8054    0.0312   0.03452  0.007874
     37/49     7.31G   0.02183    0.0101 0.0003844   0.03232       127       640    0.9936    0.9655    0.9929    0.8104   0.03075   0.03546   0.00784
     38/49     7.31G   0.02213   0.01006 0.0003777   0.03257       111       640    0.9954    0.9638    0.9929    0.8178   0.03075   0.03549  0.007774
     39/49     7.31G   0.02155   0.01002  0.000368   0.03194       128       640    0.9915     0.968    0.9931    0.8191   0.03078   0.03444  0.007579
     40/49     7.31G   0.02149   0.01018 0.0003412   0.03201       124       640    0.9912    0.9649    0.9931    0.8137   0.03038   0.03445  0.007621
     41/49     7.31G   0.02145   0.01001  0.000345   0.03181       145       640    0.9914    0.9653    0.9933    0.8141   0.03027   0.03496  0.007663
     42/49     7.31G   0.02112  0.009947 0.0003582   0.03143       128       640    0.9804    0.9699    0.9921    0.8118   0.03037    0.0345  0.007803
     43/49     7.31G   0.02101  0.009911  0.000323   0.03125       112       640    0.9909    0.9652    0.9932    0.8184   0.02997   0.03473  0.007608
     44/49     7.31G   0.02102   0.00986 0.0003334   0.03121       134       640    0.9817    0.9711    0.9932    0.8166   0.03004   0.03449  0.007467
     45/49     7.31G   0.02101  0.009914 0.0003135   0.03124       108       640    0.9814    0.9721    0.9931    0.8171   0.03006    0.0345  0.007264
     46/49     7.31G   0.02107  0.009845 0.0003259   0.03124       137       640    0.9966    0.9632    0.9932     0.824   0.02985   0.03401  0.007123
     47/49     7.31G   0.02085  0.009812 0.0003218   0.03098       108       640    0.9816    0.9717    0.9936    0.8229   0.02973   0.03394  0.007189
     48/49     7.31G   0.02082  0.009802 0.0003207   0.03094       157       640    0.9921    0.9658    0.9939    0.8211   0.02981   0.03399  0.007185
     49/49     7.31G   0.02075  0.009817 0.0003014   0.03087        96       640    0.9966    0.9638    0.9936    0.8254   0.02993   0.03397  0.007175
