      0/99    0.654G   0.05564  0.002359  0.004966   0.06297        89       640   0.09964    0.3532    0.1346    0.0607   0.04846  0.002583  0.006983
      1/99     5.14G   0.03692  0.002361  0.002365   0.04165        75       640    0.2974    0.4768    0.3057    0.1766   0.03958   0.00246  0.005017
      2/99     5.61G   0.03379  0.002443  0.002262   0.03849        88       640    0.2212     0.546    0.3681     0.212   0.03004  0.002744  0.004217
      3/99     5.61G   0.03108  0.002292  0.002077   0.03545        69       640    0.3298    0.6074     0.464    0.2691   0.03445  0.002256  0.003717
      4/99     5.61G   0.02827  0.002132  0.001847   0.03225        70       640    0.5208    0.5128    0.5177    0.3614   0.02866  0.002138  0.003272
      5/99     5.61G    0.0263   0.00206  0.001686   0.03005        62       640    0.4541    0.6444    0.5871    0.4285   0.02552  0.002007  0.002853
      6/99     5.61G   0.02492  0.002007  0.001528   0.02846        78       640    0.4398    0.6942    0.5513    0.4272   0.02523  0.002026  0.002678
      7/99     5.61G   0.02347  0.001933  0.001381   0.02679        74       640    0.5293    0.7182    0.6388    0.4969   0.02331  0.001953  0.002475
      8/99     5.61G   0.02289  0.001905  0.001315   0.02611        80       640    0.5721    0.7352    0.6551    0.5223   0.02287  0.002037  0.002399
      9/99     5.61G   0.02251  0.001923  0.001236   0.02567        93       640    0.5239    0.8175    0.6972    0.5615   0.02123   0.00205  0.002218
     10/99     5.61G   0.02217  0.001879  0.001173   0.02522        77       640    0.5276    0.8739    0.7102     0.581   0.02231  0.002064  0.002156
     11/99     5.61G   0.02177  0.001873  0.001123   0.02476        66       640    0.6059    0.8097    0.7216    0.5898    0.0209   0.00201  0.002061
     12/99     5.61G   0.02145  0.001844  0.001061   0.02435        58       640     0.588    0.8592    0.7526    0.6146   0.02035  0.002016  0.001998
     13/99     5.61G   0.02131  0.001852  0.001013   0.02417        68       640     0.596    0.8214    0.7528    0.6341   0.02055  0.001998   0.00192
     14/99     5.61G   0.02111  0.001829 0.0009782   0.02391       100       640    0.6486    0.7543     0.761    0.6307   0.01919  0.002057   0.00185
     15/99     5.61G   0.02105  0.001826 0.0009495   0.02382        84       640    0.6739    0.7465     0.773    0.6488   0.01837  0.002079  0.001824
     16/99     5.61G   0.02083  0.001809 0.0009464   0.02359        85       640    0.6174    0.8296    0.7848    0.6648   0.01855  0.002109  0.001799
     17/99     5.61G   0.02066  0.001809 0.0009033   0.02337        83       640    0.6161    0.9049    0.7891    0.6724   0.01795  0.002102  0.001759
     18/99     5.61G   0.02044   0.00181  0.000852   0.02311        59       640    0.7397    0.8165    0.8107    0.6853   0.01801  0.002102  0.001671
     19/99     5.61G   0.02012  0.001802 0.0008165   0.02274        90       640    0.6584    0.9031    0.8108    0.6894   0.01779  0.002113  0.001624
     20/99     5.61G   0.02013  0.001796 0.0007958   0.02272       100       640    0.7309    0.8081    0.8226     0.713    0.0173  0.002082  0.001601
     21/99     5.61G   0.01991  0.001788 0.0007662   0.02247        70       640    0.7139    0.8588    0.8395    0.7256    0.0172  0.002116  0.001563
     22/99     5.61G   0.01968  0.001757 0.0007288   0.02216        93       640    0.7632    0.8578    0.8496     0.733   0.01654  0.002116  0.001532
     23/99     5.61G   0.01966  0.001789 0.0007145   0.02216       100       640    0.6695    0.9393    0.8417    0.7345   0.01677  0.002093  0.001484
     24/99     5.61G   0.01958   0.00177 0.0006942   0.02204        67       640    0.7791    0.8327    0.8475    0.7299   0.01715  0.002142  0.001543
     25/99     5.61G   0.01955  0.001765 0.0006755   0.02199        76       640    0.7497    0.8399    0.8437    0.7356    0.0172  0.002137  0.001449
     26/99     5.61G   0.01936  0.001769 0.0006756   0.02181        57       640    0.7234    0.9033    0.8437    0.7381   0.01662  0.002119  0.001431
     27/99     5.61G   0.01926  0.001738 0.0006444   0.02164        92       640    0.7118    0.9365    0.8587    0.7572   0.01634  0.002122  0.001356
     28/99     5.61G   0.01924  0.001742 0.0006301   0.02161        82       640     0.743    0.8589    0.8555    0.7521   0.01647  0.002135  0.001381
     29/99     5.61G   0.01924  0.001757 0.0006112   0.02161        52       640    0.7134    0.9398    0.8568    0.7584   0.01652  0.002131  0.001352
     30/99     5.61G   0.01896  0.001724 0.0005994   0.02129        78       640    0.8372     0.822    0.8655     0.764   0.01664  0.002114  0.001296
     31/99     5.61G    0.0188  0.001692 0.0005616   0.02105        78       640    0.7061    0.9699      0.86    0.7582   0.01623  0.002127  0.001242
     32/99     5.61G   0.01893  0.001706 0.0005863   0.02122        63       640    0.9499    0.8111    0.8803    0.7739   0.01624  0.002113  0.001246
     33/99     5.61G   0.01871  0.001701 0.0005597   0.02097        87       640    0.9829    0.8049    0.8858    0.7861   0.01579  0.002134  0.001205
     34/99     5.61G   0.01857  0.001695 0.0005534   0.02082        85       640    0.7533    0.9409    0.8852    0.7807   0.01599  0.002109  0.001184
     35/99     5.61G   0.01851  0.001704 0.0005041   0.02072        80       640    0.9877    0.8039     0.892     0.795   0.01587  0.002112  0.001139
     36/99     5.61G   0.01841  0.001683 0.0004986   0.02059        78       640    0.9901    0.7981    0.8931    0.7972   0.01577  0.002099  0.001142
     37/99     5.61G   0.01846  0.001671  0.000511   0.02065        99       640      0.75    0.9716    0.8954     0.798   0.01554  0.002075  0.001127
     38/99     5.61G   0.01832  0.001671 0.0004833   0.02047        82       640    0.9947    0.7982    0.8883    0.7909   0.01572  0.002119  0.001136
     39/99     5.61G   0.01816  0.001685 0.0004648   0.02031       108       640    0.7432    0.9972    0.8952     0.799   0.01543  0.002124  0.001085
     40/99     5.61G   0.01813  0.001651 0.0004714   0.02025        84       640    0.8401    0.8919    0.9086    0.8167   0.01486  0.002131  0.001039
     41/99     5.61G   0.01804  0.001658 0.0004702   0.02017        78       640    0.9948    0.8069    0.9007    0.8103     0.015  0.002091  0.001044
     42/99     5.61G   0.01784  0.001645  0.000446   0.01993        63       640    0.7666    0.9545    0.8961    0.8032   0.01529   0.00207  0.001001
     43/99     5.61G   0.01789  0.001648 0.0004361   0.01998        99       640    0.8161    0.9125    0.9124    0.8218   0.01476  0.002109  0.001004
     44/99     5.61G   0.01783  0.001652 0.0004361   0.01992        63       640    0.8941    0.8967    0.9509    0.8585   0.01456  0.002104 0.0009725
     45/99     5.61G   0.01772   0.00164 0.0004068   0.01977        88       640    0.9096    0.9003    0.9522      0.86   0.01469  0.002099 0.0009512
     46/99     5.61G   0.01765  0.001636 0.0004204   0.01971        73       640    0.9322    0.9297    0.9738      0.88   0.01435  0.002124 0.0009559
     47/99     5.61G   0.01765  0.001621 0.0004121   0.01968        71       640    0.9066    0.9264    0.9546    0.8711   0.01442  0.002107 0.0009578
     48/99     5.61G   0.01751  0.001606 0.0004084   0.01952        87       640    0.8782    0.9581    0.9626    0.8764   0.01465  0.002088 0.0009187
     49/99     5.61G   0.01749  0.001624 0.0003973   0.01951        82       640    0.9418    0.9212    0.9596    0.8755   0.01411  0.002118 0.0009156
     50/99     5.61G   0.01741  0.001608 0.0003958   0.01942       104       640    0.9046    0.9725    0.9761    0.8938   0.01386  0.002125  0.000874
     51/99     5.61G   0.01724  0.001591 0.0003834   0.01922        86       640     0.959    0.9524    0.9793    0.9021   0.01392  0.002118 0.0008791
     52/99     5.61G   0.01725  0.001585 0.0003714   0.01921        77       640    0.9618    0.9529    0.9772     0.896   0.01402  0.002135 0.0008551
     53/99     5.61G   0.01726  0.001633 0.0003727   0.01927        85       640    0.9328    0.9703    0.9822    0.9048   0.01364  0.002112 0.0008298
     54/99     5.61G   0.01703  0.001596 0.0003651   0.01899       105       640    0.9706    0.9655     0.989    0.9092   0.01371  0.002111 0.0008348
     55/99     5.61G   0.01696  0.001587 0.0003752   0.01892        74       640    0.9541     0.961    0.9812    0.9037   0.01368  0.002136  0.000818
     56/99     5.61G   0.01702  0.001578  0.000369   0.01897        74       640    0.9859    0.9359    0.9815     0.907    0.0136  0.002128 0.0008127
     57/99     5.61G   0.01683  0.001565 0.0003494   0.01874        70       640    0.9877     0.938    0.9779    0.9009   0.01356  0.002134 0.0008168
     58/99     5.61G   0.01683  0.001578 0.0003403   0.01874        60       640    0.9622    0.9535    0.9763    0.9021   0.01358  0.002111 0.0008012
     59/99     5.61G   0.01676  0.001578 0.0003465   0.01869        82       640    0.9884    0.9372     0.982    0.9089   0.01351  0.002077  0.000756
     60/99     5.61G   0.01673  0.001564 0.0003339   0.01863        85       640    0.9814    0.9397    0.9785    0.9057   0.01339  0.002093 0.0007726
     61/99     5.61G   0.01665  0.001565 0.0003254   0.01854        91       640    0.9871    0.9343    0.9802    0.9074   0.01331  0.002097 0.0007448
     62/99     5.61G   0.01653  0.001562 0.0003167   0.01841        97       640    0.9772    0.9492    0.9851    0.9128   0.01328  0.002095 0.0007473
     63/99     5.61G   0.01654  0.001573 0.0003194   0.01843        81       640    0.9826    0.9518    0.9856    0.9161   0.01336  0.002095 0.0007256
     64/99     5.61G   0.01639  0.001559  0.000312   0.01826        72       640    0.9964    0.9388    0.9825    0.9165   0.01306   0.00211 0.0007191
     65/99     5.61G    0.0163  0.001555 0.0003112   0.01816       110       640    0.9967    0.9381    0.9829    0.9146   0.01312  0.002114 0.0007196
     66/99     5.61G   0.01632  0.001527 0.0003061   0.01816       101       640    0.9964    0.9375    0.9794    0.9152   0.01306  0.002127 0.0007108
     67/99     5.61G   0.01621  0.001535  0.000302   0.01805        75       640    0.9966    0.9382     0.987    0.9182   0.01297  0.002117 0.0007155
     68/99     5.61G   0.01615  0.001537 0.0002851   0.01797        97       640    0.9593    0.9755    0.9871    0.9208   0.01284  0.002098 0.0007008
     69/99     5.61G   0.01605   0.00155 0.0002964    0.0179        93       640    0.9968    0.9378    0.9851    0.9181   0.01283  0.002074 0.0006717
     70/99     5.61G   0.01605  0.001543 0.0002828   0.01788        66       640    0.9684    0.9698    0.9873    0.9193   0.01291  0.002094 0.0006795
     71/99     5.61G   0.01603  0.001517 0.0002732   0.01782        77       640    0.9975    0.9378    0.9832    0.9177    0.0127  0.002107  0.000673
     72/99     5.61G   0.01591  0.001521 0.0002718   0.01771        71       640    0.9677    0.9663    0.9844    0.9203    0.0127   0.00209  0.000655
     73/99     5.61G   0.01592  0.001496 0.0002771   0.01769        66       640    0.9716    0.9637    0.9861    0.9214   0.01273   0.00209 0.0006644
     74/99     5.61G   0.01586  0.001507   0.00027   0.01764        90       640    0.9647    0.9723    0.9866    0.9226   0.01256  0.002089 0.0006437
     75/99     5.61G   0.01574  0.001517 0.0002505   0.01751        74       640    0.9741    0.9731    0.9882    0.9251   0.01247  0.002078 0.0006372
     76/99     5.61G   0.01576  0.001538 0.0002516   0.01755        57       640    0.9966    0.9387    0.9852    0.9238   0.01255  0.002074 0.0006351
     77/99     5.61G   0.01567   0.00152 0.0002385   0.01743        84       640    0.9827    0.9548    0.9873    0.9259   0.01262  0.002069 0.0006346
     78/99     5.61G   0.01556  0.001501 0.0002443   0.01731        82       640    0.9521    0.9854     0.989     0.928   0.01259  0.002066 0.0006209
     79/99     5.61G   0.01555  0.001499 0.0002407   0.01729        92       640    0.9552    0.9854     0.989    0.9275   0.01253  0.002078 0.0006179
     80/99     5.61G   0.01548  0.001503 0.0002386   0.01722       104       640    0.9863    0.9523    0.9882    0.9271    0.0125  0.002079  0.000611
     81/99     5.61G   0.01547  0.001471 0.0002379   0.01718        85       640    0.9862    0.9504    0.9872     0.925   0.01238  0.002098 0.0006117
     82/99     5.61G   0.01541  0.001461 0.0002409   0.01711        84       640    0.9552    0.9791    0.9887    0.9287   0.01235  0.002094 0.0006129
     83/99     5.61G   0.01531  0.001466 0.0002218     0.017        96       640    0.9825    0.9542    0.9868     0.926   0.01234  0.002095 0.0006072
     84/99     5.61G   0.01528  0.001493 0.0002233     0.017        96       640    0.9743    0.9663    0.9855    0.9261   0.01227  0.002092 0.0005903
     85/99     5.61G   0.01529  0.001477 0.0002305   0.01699        86       640     0.968      0.97    0.9869     0.928   0.01219  0.002087 0.0005829
     86/99     5.61G   0.01524   0.00148  0.000223   0.01694        80       640    0.9638    0.9684    0.9866    0.9274   0.01222   0.00208 0.0005794
     87/99     5.61G    0.0154  0.001507 0.0002274   0.01713        71       640    0.9805    0.9539    0.9852    0.9262   0.01219  0.002067 0.0005686
     88/99     5.61G   0.01529  0.001496 0.0002264   0.01701        85       640    0.9808    0.9537    0.9849    0.9254    0.0122  0.002056  0.000561
     89/99     5.61G   0.01525  0.001497 0.0002184   0.01697        94       640    0.9707    0.9651    0.9852    0.9262   0.01219  0.002047 0.0005557
     90/99     5.61G   0.01518  0.001497 0.0002198   0.01689       107       640    0.9745    0.9615     0.985    0.9257   0.01216  0.002039  0.000552
     91/99     5.61G   0.01515  0.001494 0.0002126   0.01686        76       640    0.9692    0.9657    0.9844    0.9253   0.01216  0.002034 0.0005478
     92/99     5.61G   0.01527  0.001494 0.0002092   0.01697        75       640    0.9761    0.9585    0.9841    0.9248   0.01216  0.002032 0.0005426
     93/99     5.61G   0.01528  0.001491 0.0002068   0.01698        84       640    0.9744    0.9603    0.9847    0.9252   0.01215  0.002031  0.000539
     94/99     5.61G   0.01532  0.001484 0.0002159   0.01702       101       640    0.9738    0.9619    0.9849    0.9258   0.01215  0.002028 0.0005361
     95/99     5.61G   0.01533  0.001491 0.0002106   0.01703        57       640    0.9685    0.9664     0.985    0.9249   0.01215  0.002026  0.000533
     96/99     5.61G   0.01516  0.001472 0.0002092   0.01684        52       640    0.9697    0.9665    0.9852    0.9255   0.01213  0.002024 0.0005297
     97/99     5.61G   0.01525  0.001477 0.0002121   0.01694        83       640    0.9689    0.9665    0.9854     0.925   0.01212  0.002021 0.0005269
     98/99     5.61G   0.01525  0.001485 0.0001978   0.01693        78       640    0.9717    0.9661    0.9856    0.9259   0.01212   0.00202 0.0005246
     99/99     5.61G   0.01526    0.0015 0.0002013   0.01697       123       640    0.9679    0.9659    0.9857    0.9272   0.01212  0.002017 0.0005228
