      0/99    0.927G   0.02891  0.001978   0.02199   0.05287       100       640     0.886    0.3257    0.4128    0.3426   0.04101  0.002832   0.02113
      1/99     3.15G   0.02765  0.001977   0.02018   0.04981       112       640    0.8939    0.3262     0.412    0.3372   0.04091  0.002856   0.02001
      2/99     3.56G   0.03011   0.00211   0.02039   0.05261        89       640    0.8854    0.3272    0.4159    0.3418   0.04074  0.002868   0.01857
      3/99     3.56G   0.02946  0.001992   0.01725    0.0487       108       640    0.9046    0.3278    0.4206    0.3445   0.04088  0.002877   0.01735
      4/99     3.56G   0.02905   0.00198    0.0177   0.04873       111       640    0.9299    0.3162     0.422    0.3492   0.04055  0.002885   0.01626
      5/99     3.56G   0.02862   0.00201   0.01568   0.04632       116       640    0.9085    0.3298    0.4258    0.3458   0.04051  0.002904   0.01529
      6/99     3.56G   0.02987  0.001981   0.01588   0.04773       116       640    0.9081    0.3298    0.4262     0.346   0.04017  0.002901   0.01442
      7/99     3.56G   0.02843  0.002114   0.01407   0.04462       102       640    0.9058    0.3298    0.4309    0.3526   0.04019  0.002898   0.01384
      8/99     3.56G   0.02803  0.001846   0.01491   0.04479        98       640    0.9045    0.3298    0.4336    0.3602   0.04034  0.002903    0.0134
      9/99     3.56G   0.02884  0.001807   0.01537   0.04602       112       640    0.9279    0.3169    0.4365    0.3632   0.04007  0.002903   0.01292
     10/99     3.56G   0.02776  0.001816   0.01252    0.0421       108       640    0.9267    0.3169    0.4367    0.3637   0.04015  0.002902   0.01255
     11/99     3.56G   0.02812   0.00185   0.01094   0.04092       104       640    0.9198    0.3206    0.4374    0.3559   0.04041  0.002904   0.01213
     12/99     3.56G   0.02827  0.001978   0.01235    0.0426        83       640    0.9179    0.3208    0.4419     0.366    0.0402  0.002894   0.01187
     13/99     3.56G   0.02828  0.001874   0.01231   0.04246       114       640    0.9032    0.3356    0.4398    0.3662   0.04009  0.002913    0.0117
     14/99     3.56G   0.02953   0.00183   0.01221   0.04358       115       640    0.9209    0.3208    0.4385    0.3646   0.04005  0.002927   0.01155
     15/99     3.56G   0.02993  0.001744   0.01221   0.04388        94       640     0.906    0.3326    0.4391    0.3656   0.04004  0.002928   0.01123
     16/99     3.56G   0.02913  0.001862   0.01402   0.04502       127       640    0.9184    0.3208    0.4427    0.3672   0.03984  0.002934   0.01094
     17/99     3.56G   0.02874  0.001804   0.01108   0.04162       112       640    0.9272    0.3208    0.4431    0.3688   0.03991  0.002925   0.01068
     18/99     3.56G   0.02919  0.001829   0.01172   0.04273       120       640    0.9401      0.32    0.4455    0.3675   0.03979  0.002932   0.01059
     19/99     3.56G   0.02935   0.00166   0.01034   0.04134       101       640    0.9364    0.3208    0.4477    0.3727   0.03973  0.002914   0.01039
     20/99     3.56G   0.02938  0.001769   0.01014   0.04129        90       640    0.9414    0.3207    0.4476    0.3679   0.04002  0.002934   0.01032
     21/99     3.56G   0.02857  0.001838  0.009741   0.04015       107       640    0.9469    0.3208    0.4476    0.3685   0.03985   0.00295   0.01024
     22/99     3.56G   0.02699  0.001737   0.01042   0.03914       108       640    0.9458    0.3208    0.4403     0.363   0.03988  0.002941   0.01018
     23/99     3.56G   0.02774  0.001595  0.009383   0.03872       106       640    0.9453    0.3208    0.4402    0.3619   0.03987  0.002928   0.01005
     24/99     3.56G   0.02793  0.001787   0.01031   0.04003       112       640     0.944    0.3208    0.4403    0.3627    0.0399  0.002935      0.01
     25/99     3.56G   0.02822  0.001835   0.01018   0.04023       128       640    0.9423    0.3208    0.4404    0.3668   0.03973  0.002941  0.009912
     26/99     3.56G   0.02846  0.001655   0.01012   0.04024        93       640    0.9415    0.3215    0.4465    0.3725   0.03981   0.00294  0.009785
     27/99     3.56G   0.02864  0.001608  0.009632   0.03988       100       640    0.9405    0.3218     0.438    0.3634   0.03965  0.002946  0.009679
     28/99     3.56G   0.02849   0.00186  0.009941   0.04029        96       640    0.9405    0.3221    0.4385    0.3643   0.03958   0.00292  0.009567
     29/99     3.56G   0.02893  0.001774   0.01096   0.04166       101       640    0.9202    0.3339    0.4394     0.365   0.03959   0.00291  0.009521
     30/99     3.56G   0.02919  0.001709  0.009696   0.04059       106       640    0.9218    0.3343    0.4394    0.3671   0.03936   0.00293  0.009453
     31/99     3.56G   0.02962   0.00191   0.01063   0.04216        89       640    0.9572     0.325     0.441    0.3662   0.03948  0.002922  0.009318
     32/99     3.56G   0.02797  0.001759  0.009293   0.03903       113       640    0.9215    0.3345    0.4401     0.365   0.03954  0.002918  0.009203
     33/99     3.56G   0.02916  0.001807  0.008745   0.03971       103       640    0.9235    0.3345    0.4401    0.3653   0.03932  0.002924  0.009161
     34/99     3.56G   0.02649  0.001725  0.008167   0.03638       114       640    0.9254    0.3344    0.4433    0.3677   0.03915   0.00293  0.009081
     35/99     3.56G   0.02601   0.00165  0.008169   0.03582        83       640    0.9558    0.3246    0.4509    0.3715   0.03931  0.002909  0.009056
     36/99     3.56G   0.02749  0.001782  0.008212   0.03749       111       640    0.9248    0.3345    0.4494    0.3725   0.03902  0.002907   0.00902
     37/99     3.56G    0.0291  0.001924  0.009264   0.04029        92       640    0.9554    0.3248    0.4516    0.3762   0.03852  0.002925  0.009051
     38/99     3.56G   0.02703  0.001651  0.008142   0.03682       117       640    0.9548    0.3241    0.4519    0.3704   0.03855  0.002935  0.009161
     39/99     3.56G     0.027  0.001805  0.007966   0.03677       100       640    0.9546    0.3244    0.4516    0.3741   0.03857  0.002922  0.009092
     40/99     3.56G   0.02638  0.001533  0.007168   0.03508       132       640    0.9556    0.3242    0.4535    0.3732   0.03853  0.002914  0.009092
     41/99     3.56G    0.0286  0.001844   0.01002   0.04046        85       640    0.9256    0.3344    0.4519    0.3693   0.03881  0.002905  0.009055
     42/99     3.56G   0.02888  0.001791  0.009143   0.03981       104       640    0.9378    0.3343    0.4533    0.3747   0.03841  0.002917  0.008975
     43/99     3.56G   0.02752  0.001753  0.007869   0.03715       120       640    0.9348    0.3345    0.4565    0.3795   0.03832  0.002907  0.008838
     44/99     3.56G   0.02846  0.001693  0.009562   0.03971        83       640    0.9565    0.3335    0.4574    0.3789   0.03849  0.002891  0.008738
     45/99     3.56G   0.02788  0.001547  0.007612   0.03704       100       640    0.9551    0.3327    0.4587    0.3812   0.03836  0.002885  0.008712
     46/99     3.56G   0.02946  0.001706  0.008374   0.03954       117       640     0.957    0.3321    0.4596      0.38   0.03838  0.002873  0.008628
     47/99     3.56G   0.02765  0.001613  0.008782   0.03804       100       640    0.9562    0.3317    0.4602    0.3786   0.03831  0.002876   0.00859
     48/99     3.56G   0.02853  0.001695  0.008915   0.03914        98       640    0.9561    0.3326    0.4619    0.3883   0.03849  0.002873  0.008575
     49/99     3.56G   0.02744   0.00158  0.007252   0.03627       139       640    0.9575    0.3322    0.4609    0.3871    0.0384   0.00287  0.008576
     50/99     3.56G   0.02803  0.001756  0.008078   0.03786       133       640    0.9412    0.3309    0.4615    0.3809   0.03835  0.002869  0.008521
     51/99     3.56G    0.0274  0.001772  0.008091   0.03726       104       640     0.941     0.332    0.4618    0.3819   0.03831   0.00286  0.008498
     52/99     3.56G   0.02672  0.001809   0.00741   0.03594       141       640    0.9339    0.3344    0.4636    0.3871   0.03816  0.002859  0.008471
     53/99     3.56G   0.02629  0.001582  0.006989   0.03486        91       640    0.9587    0.3345    0.4652    0.3888   0.03834  0.002828  0.008446
     54/99     3.56G   0.02737  0.001633  0.007787   0.03679        90       640    0.9635    0.3251    0.4647    0.3877   0.03849  0.002817  0.008428
     55/99     3.56G    0.0265  0.001787  0.007692   0.03598       106       640    0.9394    0.3345    0.4659    0.3889   0.03848   0.00283  0.008432
     56/99     3.56G   0.02638  0.001618  0.007354   0.03536       111       640    0.9624    0.3254    0.4656     0.385   0.03823  0.002853   0.00845
     57/99     3.56G   0.02959  0.001606   0.00808   0.03928        97       640    0.9634    0.3254    0.4655    0.3857   0.03821  0.002853  0.008425
     58/99     3.56G   0.02782  0.001643  0.007275   0.03674       120       640    0.9384    0.3345    0.4657    0.3875   0.03792  0.002852  0.008367
     59/99     3.56G   0.02698  0.001599  0.007578   0.03616       121       640    0.9378    0.3345    0.4671    0.3863   0.03809  0.002848  0.008331
     60/99     3.56G    0.0266  0.001605   0.00738   0.03558        94       640    0.9375    0.3345    0.4669    0.3868   0.03798   0.00284  0.008282
     61/99     3.56G   0.02743  0.001666  0.007514   0.03661        98       640    0.9626    0.3256     0.467    0.3874   0.03788  0.002843   0.00824
     62/99     3.56G   0.02757  0.001856  0.006969   0.03639       127       640    0.9637    0.3256    0.4689    0.3881   0.03786  0.002848  0.008206
     63/99     3.56G   0.02656  0.001653  0.007535   0.03575       107       640    0.9635    0.3255     0.479    0.3937   0.03786  0.002841  0.008153
     64/99     3.56G   0.02648   0.00167  0.007063   0.03521       124       640    0.9377    0.3344    0.4768     0.396   0.03796  0.002817  0.008071
     65/99     3.56G   0.02748   0.00158  0.007873   0.03693        99       640    0.9372    0.3344    0.4782    0.3976   0.03818  0.002793  0.008023
     66/99     3.56G   0.02741  0.001632  0.007874   0.03692        94       640    0.9363    0.3345    0.4784    0.3966   0.03816   0.00279   0.00798
     67/99     3.56G   0.02738  0.001583  0.007794   0.03676        81       640    0.9364    0.3345    0.4783    0.3965    0.0381  0.002786   0.00801
     68/99     3.56G   0.02841  0.001567  0.008371   0.03835        96       640     0.937    0.3344    0.4789     0.399   0.03816  0.002774  0.007972
     69/99     3.56G   0.02674  0.001623  0.007317   0.03568        85       640    0.9376    0.3343     0.481     0.398   0.03829  0.002754  0.007946
     70/99     3.56G    0.0272  0.001738  0.007151   0.03609       115       640    0.9386    0.3345    0.4708    0.3909    0.0384  0.002762  0.007948
     71/99     3.56G   0.02722  0.001555  0.007341   0.03612       105       640    0.9391    0.3344    0.4763     0.399   0.03843  0.002774  0.007941
     72/99     3.56G   0.02889  0.001804   0.00839   0.03909       100       640    0.9389    0.3345    0.4766    0.3975   0.03827  0.002776   0.00786
     73/99     3.56G   0.02825  0.001574  0.007858   0.03768        98       640    0.9391    0.3345    0.4791    0.3982    0.0383  0.002772  0.007855
     74/99     3.56G   0.02549  0.001476  0.006662   0.03362       128       640    0.9392    0.3345    0.4785    0.3948   0.03835  0.002759  0.007845
     75/99     3.56G   0.02723  0.001579  0.006875   0.03568        97       640     0.938    0.3344    0.4785    0.3955   0.03828  0.002761  0.007829
     76/99     3.56G   0.02761  0.001637  0.006962   0.03621        93       640    0.9369    0.3345    0.4698     0.388   0.03807  0.002755  0.007863
     77/99     3.56G   0.02797  0.001652  0.007205   0.03683        91       640     0.936    0.3345    0.4781    0.4007   0.03804  0.002772  0.007888
     78/99     3.56G   0.02723   0.00166  0.007347   0.03624       111       640    0.9371    0.3344    0.4791    0.3979   0.03813  0.002769  0.007853
     79/99     3.56G   0.02588   0.00149  0.006547   0.03392       114       640    0.9373    0.3345    0.4785    0.3978   0.03822  0.002769  0.007866
     80/99     3.56G   0.02699   0.00155  0.007429   0.03596        99       640    0.9381    0.3345    0.4702    0.3922   0.03808  0.002771  0.007811
     81/99     3.56G   0.02675  0.001682  0.006527   0.03496       131       640    0.9388    0.3345    0.4703    0.3877   0.03803   0.00277   0.00778
     82/99     3.56G   0.02705  0.001723  0.006507   0.03528       102       640    0.9401    0.3345    0.4702    0.3906   0.03779  0.002786  0.007728
     83/99     3.56G   0.02728  0.001862  0.007396   0.03654       103       640    0.9397    0.3345    0.4783    0.3958   0.03784  0.002792  0.007732
     84/99     3.56G   0.02699  0.001575  0.006457   0.03503        99       640    0.9396    0.3345    0.4765    0.3965   0.03782  0.002786  0.007717
     85/99     3.56G   0.02821  0.001579  0.006797   0.03658        89       640    0.9399    0.3345    0.4772    0.3966     0.038  0.002776  0.007721
     86/99     3.56G   0.02635  0.001691  0.006763    0.0348       106       640    0.9397    0.3345    0.4772    0.3985   0.03787  0.002781  0.007752
     87/99     3.56G   0.02541  0.001619  0.006456   0.03348        89       640    0.9397    0.3345    0.4678    0.3864   0.03799  0.002768  0.007699
     88/99     3.56G   0.02703  0.001615  0.007994   0.03664       113       640    0.9402    0.3345    0.4675    0.3873   0.03804  0.002758  0.007709
     89/99     3.56G   0.02759  0.001738  0.006435   0.03576        97       640      0.94    0.3345    0.4749    0.3973   0.03802  0.002761  0.007699
     90/99     3.56G    0.0274  0.001642  0.006707   0.03575       104       640    0.9398    0.3344    0.4752    0.3963    0.0381  0.002755  0.007676
     91/99     3.56G   0.02692  0.001709  0.006588   0.03522       105       640    0.9395    0.3345    0.4757    0.3967    0.0381  0.002761  0.007681
     92/99     3.56G   0.02746  0.001728  0.006437   0.03562       102       640    0.9394    0.3344    0.4669    0.3856   0.03816  0.002755   0.00768
     93/99     3.56G   0.02709   0.00162  0.006715   0.03542        90       640    0.9404    0.3345    0.4669     0.386   0.03811  0.002756  0.007671
     94/99     3.56G   0.02597  0.001506   0.00653   0.03401       122       640    0.9401    0.3345     0.467    0.3841   0.03813  0.002756  0.007708
     95/99     3.56G   0.02806  0.001651  0.007157   0.03686       103       640    0.9395    0.3345     0.467    0.3837   0.03828  0.002747  0.007742
     96/99     3.56G   0.02714  0.001636  0.006887   0.03566        96       640    0.9398    0.3344    0.4668    0.3843   0.03821  0.002739  0.007712
     97/99     3.56G   0.02828  0.001758  0.007466   0.03751       106       640     0.939    0.3345    0.4596    0.3808   0.03814   0.00275  0.007691
     98/99     3.56G   0.02648  0.001691  0.006607   0.03478        90       640    0.9399    0.3345    0.4696    0.3894   0.03815  0.002751  0.007684
     99/99     3.56G   0.02764  0.001659  0.007337   0.03663       108       640    0.9401    0.3345    0.4696    0.3932   0.03823  0.002749  0.007671
