      0/99        0G   0.05587    0.0135   0.02646   0.09583        54       640    0.5558    0.6948    0.6251    0.2712   0.06302   0.01043   0.02024
      1/99        0G   0.04143   0.01176  0.009844   0.06304        44       640    0.8344    0.8191    0.8646    0.4311   0.04636    0.0104   0.01292
      2/99        0G   0.03668   0.01122   0.00757   0.05547        51       640     0.868    0.8492    0.8983    0.5444    0.0456   0.01042   0.01177
      3/99        0G   0.03448   0.01105  0.006761   0.05229        65       640     0.921    0.8775    0.9432    0.6532   0.03541   0.01207    0.0122
      4/99        0G   0.03199   0.01086  0.006321   0.04917        59       640    0.9272    0.9191    0.9653    0.6985   0.03067   0.01152  0.008579
      5/99        0G   0.02974    0.0106  0.005404   0.04574        52       640    0.9441    0.9401    0.9757    0.7283   0.02732   0.01207  0.006612
      6/99        0G   0.02865   0.01043  0.004988   0.04408        36       640    0.9546    0.9372    0.9756    0.7609   0.02434   0.01164  0.005915
      7/99        0G    0.0277   0.01012  0.004649   0.04247        53       640    0.9625    0.9556    0.9832    0.7726   0.02286   0.01149  0.005359
      8/99        0G     0.027   0.01001   0.00444   0.04145        44       640    0.9653     0.945    0.9838     0.777   0.02144   0.01241   0.00495
      9/99        0G   0.02638  0.009826  0.004157   0.04036        47       640    0.9697    0.9464    0.9844    0.7931   0.02039   0.01184  0.005406
     10/99        0G   0.02575  0.009697  0.003906   0.03936        51       640    0.9713    0.9463    0.9847    0.8158   0.01889   0.01147  0.003964
