      0/49     1.25G   0.06721   0.01962   0.01926    0.1061       136       640     0.811    0.2002     0.146   0.04758   0.08313   0.03288   0.03219
      1/49      6.1G   0.05517   0.01643  0.004571   0.07618       143       640     0.612    0.5945    0.5825    0.2545    0.0623   0.03235   0.02836
      2/49     6.68G   0.04682   0.01572  0.003801   0.06634       140       640    0.7554    0.7398    0.7859    0.4035   0.06343   0.02958   0.02956
      3/49     6.68G   0.04224   0.01433   0.00312   0.05969       135       640    0.7835    0.8121    0.8465    0.4116   0.05645   0.03213   0.03067
      4/49     6.68G   0.03927   0.01345  0.002583    0.0553       120       640    0.9352    0.9164    0.9589    0.5482   0.05244   0.03287   0.02588
      5/49     6.68G   0.03729   0.01322  0.002378   0.05289       179       640    0.8292    0.8319      0.87    0.4415   0.05193   0.03169   0.02204
      6/49     6.68G   0.03576   0.01307  0.002134   0.05096       124       640    0.8869    0.8768    0.9258    0.4657   0.04817   0.03189    0.0228
      7/49     6.69G   0.03813   0.01293  0.002175   0.05323       121       640    0.8417    0.8792    0.8753    0.5029   0.05014   0.03486   0.01886
      8/49     6.69G   0.03789   0.01315  0.002273   0.05332       129       640    0.9512    0.9037    0.9621    0.5056   0.04983   0.03289   0.01461
      9/49     6.69G   0.03574   0.01294  0.001966   0.05064       126       640    0.9793    0.9203    0.9693    0.5552   0.04708   0.03443   0.01366
     10/49     6.69G    0.0336   0.01256  0.001817   0.04798       149       640     0.962     0.943    0.9734    0.6604   0.04328   0.03516    0.0112
     11/49     6.69G   0.03193   0.01216  0.001582   0.04567       131       640    0.9706    0.9222     0.975    0.6352   0.04397    0.0395   0.01128
     12/49     6.69G   0.03148   0.01219  0.001452   0.04512       154       640    0.9734    0.9143    0.9751    0.6725   0.04187   0.03797   0.01175
     13/49     6.69G   0.03073    0.0122  0.001386   0.04432       131       640    0.8801    0.9025    0.9423    0.6454   0.03768   0.03645   0.01161
     14/49     6.69G   0.02995   0.01194  0.001267   0.04316       115       640    0.9877    0.9346    0.9841    0.6995   0.03809   0.03533   0.01167
     15/49     6.98G    0.0294   0.01187   0.00125   0.04252       156       640    0.9823    0.9472    0.9857    0.7178   0.03791   0.03981   0.01109
     16/49     6.98G    0.0288   0.01173  0.001145   0.04168       114       640    0.9009    0.9469     0.942    0.6795   0.03566   0.03787  0.009784
     17/49     6.98G   0.02807   0.01169  0.001039    0.0408       121       640    0.9783    0.9595    0.9838    0.7024   0.03323   0.03937    0.0102
     18/49     6.98G   0.02796   0.01154 0.0009754   0.04047       125       640    0.9898    0.9628    0.9805    0.7252   0.03522   0.03923  0.009671
     19/49     6.98G    0.0278   0.01158  0.001016    0.0404       120       640    0.9889    0.9384    0.9827     0.681    0.0354   0.04092  0.009349
     20/49     6.98G   0.02744    0.0115 0.0009784   0.03992       122       640    0.9786    0.9671    0.9875    0.7323   0.03186   0.03992    0.0101
     21/49     6.98G   0.02696   0.01157 0.0008924   0.03942       118       640    0.9847    0.9621    0.9813    0.7387   0.03272   0.03944  0.009431
     22/49     6.98G   0.02658   0.01138 0.0008072   0.03876       133       640    0.9705    0.9622    0.9799    0.7376   0.03031   0.03834   0.00885
     23/49     6.98G   0.02584   0.01129 0.0007858   0.03792       129       640    0.9929     0.962    0.9892    0.7693   0.03198   0.03917  0.008193
     24/49     6.98G   0.02594   0.01098 0.0007306   0.03765       137       640    0.9821    0.9711    0.9892    0.7514   0.02987   0.03773  0.008645
     25/49     6.98G   0.02544   0.01096 0.0007201   0.03711       115       640    0.9906     0.959    0.9895    0.7628   0.02903    0.0391  0.009721
     26/49     6.98G   0.02516   0.01099 0.0006891   0.03684       106       640    0.9857    0.9589    0.9917    0.7462   0.02818   0.03741  0.009085
     27/49     6.98G   0.02447   0.01106 0.0006884   0.03622       143       640    0.9892    0.9669    0.9924    0.7718   0.02856    0.0406  0.009448
     28/49     6.98G    0.0246   0.01093  0.000593   0.03613       129       640     0.989    0.9636    0.9916    0.7793   0.02758   0.03954   0.01089
     29/49     6.98G   0.02431   0.01094  0.000547    0.0358       101       640     0.993    0.9606     0.992    0.7723   0.02681   0.03912  0.008753
     30/49     6.98G   0.02415   0.01092 0.0005751   0.03565       134       640    0.9805    0.9746    0.9878    0.7893   0.02667   0.03924   0.00818
     31/49     6.98G    0.0233   0.01071 0.0005473   0.03456       121       640    0.9829     0.968    0.9868    0.7789   0.02623    0.0407   0.00754
     32/49     6.98G   0.02346   0.01077 0.0005232   0.03476       143       640    0.9966    0.9611     0.984    0.7881   0.02563   0.03832   0.00858
     33/49     6.98G   0.02314   0.01059  0.000544   0.03428       116       640    0.9859    0.9692    0.9907    0.8003   0.02582   0.03941  0.007191
     34/49     6.98G   0.02276   0.01055 0.0004838   0.03379       126       640    0.9938    0.9654    0.9902    0.7914   0.02582   0.03948  0.007866
     35/49     6.98G   0.02267   0.01051 0.0004821   0.03366       127       640    0.9922    0.9607    0.9908    0.7975   0.02532   0.03995  0.007802
     36/49     6.98G   0.02224   0.01037   0.00043   0.03304        99       640    0.9926    0.9671    0.9883    0.8136    0.0248   0.03874  0.007051
     37/49     6.98G   0.02209   0.01036  0.000392   0.03284       127       640    0.9958    0.9658    0.9917    0.8052   0.02495   0.03899  0.006604
     38/49     6.98G    0.0224   0.01033  0.000403   0.03314       111       640    0.9925    0.9676    0.9905    0.8143   0.02463   0.03916  0.006888
     39/49     6.98G   0.02179   0.01029 0.0003783   0.03247       128       640    0.9909    0.9687    0.9887    0.8188   0.02462    0.0385  0.006795
     40/49     6.98G   0.02173   0.01042 0.0003563   0.03251       124       640    0.9962    0.9639    0.9911    0.8193   0.02438   0.03851  0.006303
     41/49     6.98G   0.02167   0.01025  0.000357   0.03228       145       640    0.9951    0.9668    0.9904    0.8162   0.02421   0.03897  0.006486
     42/49     6.98G   0.02128    0.0102 0.0003637   0.03185       128       640    0.9894    0.9697    0.9927     0.814   0.02395   0.03866  0.006465
     43/49     6.98G   0.02119   0.01013 0.0003328   0.03165       112       640    0.9968    0.9625    0.9929     0.813   0.02381   0.03877  0.006157
     44/49     6.98G   0.02122   0.01012 0.0003352   0.03167       134       640      0.99    0.9735     0.993     0.818   0.02357   0.03864   0.00617
     45/49     6.98G   0.02122   0.01013 0.0003116   0.03167       108       640    0.9952    0.9643     0.993    0.8242    0.0233   0.03863  0.006083
     46/49     6.98G   0.02119   0.01009 0.0003281   0.03161       137       640    0.9916    0.9701    0.9928    0.8255   0.02318   0.03825  0.006062
     47/49     6.98G    0.0209   0.01004 0.0003097   0.03125       108       640    0.9913    0.9713    0.9929    0.8243   0.02313   0.03835  0.005852
     48/49     6.98G   0.02102   0.01007 0.0003111   0.03141       157       640     0.986    0.9758    0.9922    0.8283   0.02315   0.03818  0.005948
     49/49     6.98G   0.02093   0.01006 0.0003248   0.03131        96       640    0.9899    0.9749    0.9927     0.826   0.02311   0.03829  0.005978
