      0/99     1.13G   0.05843  0.002387  0.004209   0.06503       141       640    0.1303    0.3013    0.1664   0.07935   0.05661  0.002985  0.007894
      1/99     5.15G   0.04128  0.002335  0.002174   0.04579       114       640    0.1554    0.4623     0.238    0.1323   0.04537  0.002527   0.00561
      2/99     6.62G    0.0367  0.002319  0.001875   0.04089       123       640     0.196    0.5345    0.2622    0.1516   0.05146  0.002588  0.004811
      3/99     6.62G   0.03358  0.002338  0.001712   0.03763       116       640    0.2878    0.5734     0.399    0.2353   0.03665   0.00263  0.004141
      4/99     6.62G   0.02995  0.002202  0.001678   0.03383       115       640    0.2839    0.5426    0.3964    0.2528   0.03336  0.002444  0.003922
      5/99     6.62G   0.02804  0.002068   0.00162   0.03173       134       640    0.2916     0.488    0.3728    0.2337   0.03006  0.002369  0.003819
      6/99     6.62G   0.02663  0.001997  0.001562   0.03019       159       640     0.349    0.5265    0.4596    0.3182    0.0285  0.002286   0.00364
      7/99     6.62G   0.02529  0.001966  0.001444    0.0287       122       640    0.4544    0.5223    0.5183    0.3659   0.02748  0.002127  0.003413
      8/99     6.62G   0.02482  0.001919   0.00141   0.02815       112       640    0.3962    0.5748    0.5081    0.3652   0.02646  0.002128  0.003418
      9/99     6.62G   0.02415  0.001926  0.001387   0.02747       115       640    0.5149    0.5718    0.5893    0.4433   0.02672  0.002094    0.0032
     10/99     6.62G   0.02389  0.001891  0.001281   0.02707       117       640    0.5557    0.6297    0.6453    0.4852    0.0261   0.00204  0.003071
     11/99     6.62G    0.0233  0.001896   0.00122   0.02642       148       640    0.6424    0.6478    0.7033    0.5287   0.02486  0.002035  0.003004
     12/99     6.62G   0.02303  0.001876  0.001115   0.02602       126       640    0.6954    0.6731    0.7397     0.569   0.02476   0.00204  0.002855
     13/99     6.62G   0.02322  0.001846  0.001096   0.02616       121       640    0.7375    0.6941    0.7724    0.5921   0.02466  0.002043  0.002712
     14/99     6.62G   0.02263  0.001839  0.001042   0.02551       113       640    0.8282    0.7163    0.8031     0.614   0.02423  0.002084   0.00263
     15/99     6.62G   0.02253  0.001842 0.0009925   0.02536       142       640    0.8886    0.7072    0.8156     0.647   0.02412  0.002073  0.002524
     16/99     6.62G   0.02241  0.001854 0.0009071   0.02517       148       640    0.8503    0.7682    0.8433    0.6483   0.02465  0.002034  0.002514
     17/99     6.62G   0.02194  0.001815 0.0008344   0.02459       106       640    0.9001     0.757    0.8546    0.6658     0.024  0.001962  0.002427
     18/99     6.62G   0.02199  0.001795 0.0008458   0.02463       122       640    0.8919     0.784    0.8772    0.6855   0.02362  0.002068  0.002459
     19/99     6.62G   0.02204  0.001795 0.0007985   0.02463       119       640    0.9272    0.8021    0.8915    0.7046   0.02369  0.001984  0.002306
     20/99     6.62G   0.02171  0.001769 0.0007642   0.02425       117       640    0.9259    0.8075    0.8838    0.7121   0.02286  0.001984  0.002263
     21/99     6.62G    0.0214  0.001772 0.0007165   0.02389       121       640    0.9246    0.8093    0.8912    0.7167   0.02253  0.002022  0.002254
     22/99     6.62G   0.02149   0.00177 0.0006898   0.02395       105       640    0.9021    0.8005     0.878    0.6941   0.02257  0.002032  0.002215
     23/99     6.62G   0.02126  0.001747 0.0006626   0.02367       105       640     0.942    0.7944    0.8915    0.7109   0.02263  0.001971   0.00219
     24/99     6.62G   0.02125  0.001752 0.0006407   0.02364        93       640    0.9369    0.8139     0.897    0.7357   0.02167  0.001944   0.00209
     25/99     6.62G   0.02109  0.001749 0.0006059   0.02344       128       640    0.8502    0.8516    0.8932    0.7203   0.02221  0.002035  0.002069
     26/99     6.62G    0.0208  0.001742 0.0005859   0.02312        90       640    0.9494    0.8032    0.8992     0.715   0.02282  0.002018  0.002122
     27/99     6.62G   0.02087  0.001727 0.0006054   0.02321       118       640    0.9118    0.8434    0.9091     0.732    0.0222     0.002  0.001978
     28/99     6.62G   0.02076  0.001727 0.0005554   0.02304       100       640    0.9571    0.8094    0.9022    0.7439   0.02175  0.002053  0.001976
     29/99     6.62G   0.02062  0.001708 0.0005426   0.02287       139       640     0.968    0.8071    0.9143    0.7514   0.02141  0.001955   0.00206
     30/99     6.62G   0.02064  0.001692 0.0005391   0.02287       118       640    0.9285    0.8199    0.9163    0.7456     0.021  0.002042  0.001894
     31/99     6.62G   0.02063  0.001718 0.0005396   0.02289       121       640    0.9128    0.8422    0.9079     0.743   0.02151  0.001993  0.001963
     32/99     6.62G   0.02037  0.001684 0.0005188   0.02257       110       640    0.9486    0.8106    0.9064    0.7572   0.02128  0.001999  0.001982
     33/99     6.62G    0.0205  0.001661 0.0005138   0.02268        98       640    0.9147    0.8554      0.93    0.7623   0.02159  0.002008  0.001926
     34/99     6.62G    0.0203  0.001675 0.0005034   0.02248       124       640    0.9685     0.809    0.9086    0.7445   0.02118  0.001943  0.001971
     35/99     6.62G   0.02022  0.001666 0.0004841   0.02237        89       640    0.9224    0.8567    0.9201    0.7579   0.02115  0.001998  0.001892
     36/99     6.62G   0.02014  0.001655 0.0004612   0.02225       157       640    0.8808    0.8719    0.9281    0.7721   0.02058  0.001956  0.001861
     37/99     6.62G   0.02005  0.001669 0.0004706   0.02219        99       640    0.9121    0.8565    0.9196    0.7634    0.0207  0.001979  0.001958
     38/99     6.62G   0.02006  0.001672 0.0004752   0.02221       118       640     0.938    0.8293    0.9299    0.7686   0.02056   0.00203  0.001893
     39/99     6.62G   0.02004  0.001648 0.0004728   0.02216       105       640    0.9759     0.825    0.9259    0.7728   0.02073  0.001987  0.001935
     40/99     6.62G   0.01987  0.001662 0.0004477   0.02198       102       640    0.9463    0.8313    0.9222    0.7647   0.02065  0.002019  0.001846
     41/99     6.62G   0.01971  0.001655 0.0004387    0.0218       121       640    0.9344    0.8283    0.9304    0.7848   0.02039  0.002001  0.001906
     42/99     6.62G    0.0195  0.001616 0.0004348   0.02155       112       640    0.9022    0.8698    0.9309    0.7854   0.02018   0.00202  0.001852
     43/99     6.62G   0.01962  0.001634 0.0004322   0.02169       111       640    0.9119    0.8517    0.9288    0.7789   0.02012  0.001984   0.00183
     44/99     6.62G    0.0196  0.001629 0.0004325   0.02167       143       640    0.9329    0.8433    0.9339    0.7827   0.02047  0.002023  0.001821
     45/99     6.62G   0.01944  0.001641 0.0004153   0.02149       132       640    0.9165    0.8622     0.931    0.7794   0.01985  0.002064  0.001847
     46/99     6.62G   0.01907  0.001599 0.0004187   0.02109       108       640    0.9346    0.8608    0.9398    0.7978   0.01958    0.0021    0.0018
     47/99     6.62G   0.01935  0.001641 0.0004101    0.0214       160       640    0.9031    0.8704    0.9285    0.7829   0.01969  0.002073  0.001869
     48/99     6.62G   0.01929  0.001581 0.0003953   0.02127       114       640    0.9592    0.8308    0.9346    0.7897    0.0197  0.002052  0.001842
     49/99     6.62G   0.01903  0.001602 0.0003991   0.02103        70       640    0.9524    0.8474    0.9425    0.8022   0.01933  0.002098  0.001746
     50/99     6.62G   0.01907  0.001625 0.0003762   0.02107       126       640    0.9637    0.8434    0.9382    0.7947   0.01923  0.002109  0.001808
     51/99     6.62G   0.01895  0.001608 0.0003812   0.02094       117       640     0.964    0.8369    0.9424    0.7989   0.01926  0.002083  0.001765
     52/99     6.62G   0.01884  0.001583 0.0003707   0.02079       124       640    0.9594    0.8437    0.9444    0.7963   0.01935  0.002083  0.001722
     53/99     6.62G   0.01874  0.001558 0.0003622   0.02066        98       640    0.9289    0.8654    0.9404     0.795   0.01927  0.002135  0.001761
     54/99     6.62G   0.01882  0.001554 0.0003647   0.02074       112       640    0.9024    0.8814    0.9362    0.8002   0.01914  0.002143   0.00178
     55/99     6.62G   0.01879  0.001541 0.0003824   0.02072       116       640    0.8808    0.9103    0.9388    0.8021   0.01936  0.002132  0.001752
     56/99     6.62G   0.01866  0.001545 0.0003525   0.02055        88       640    0.9538    0.8465    0.9425    0.8001   0.01879  0.002251  0.001709
     57/99     6.62G   0.01851  0.001538 0.0003524    0.0204       138       640    0.9164    0.8766     0.943     0.808    0.0193  0.002193  0.001699
     58/99     6.62G    0.0184  0.001531 0.0003464   0.02028        84       640     0.938    0.8482    0.9419    0.8081    0.0188  0.002304  0.001719
     59/99     6.62G    0.0184  0.001515 0.0003425   0.02025       122       640    0.9063    0.8858    0.9456    0.8117   0.01906  0.002219  0.001663
     60/99     6.62G   0.01827  0.001511 0.0003433   0.02013       116       640    0.9416    0.8667    0.9472    0.8129   0.01846  0.002213  0.001652
     61/99     6.62G   0.01838  0.001504 0.0003194   0.02021        89       640    0.9512    0.8606    0.9417     0.814   0.01881  0.002215  0.001612
     62/99     6.62G   0.01816   0.00151 0.0003283      0.02       107       640      0.98    0.8368    0.9439    0.8113   0.01881  0.002222  0.001673
     63/99     6.62G   0.01802  0.001506 0.0003332   0.01986       116       640    0.9509     0.852    0.9436    0.8197   0.01818  0.002279  0.001589
     64/99     6.62G   0.01792  0.001481 0.0003198   0.01972       109       640    0.9769    0.8352    0.9459    0.8178   0.01833  0.002255  0.001637
     65/99     6.62G   0.01811   0.00149 0.0003217   0.01992       124       640    0.9471    0.8513    0.9446    0.8174   0.01855  0.002267  0.001598
     66/99     6.62G   0.01783  0.001504 0.0003206   0.01965       134       640    0.8976     0.902    0.9498    0.8201   0.01835  0.002282  0.001606
     67/99     6.62G    0.0179    0.0015 0.0003182   0.01972       114       640     0.948    0.8609    0.9473    0.8208    0.0183  0.002317  0.001617
     68/99     6.62G   0.01767  0.001453 0.0003088   0.01943       134       640    0.9525    0.8627    0.9505    0.8199   0.01811  0.002305  0.001588
     69/99     6.62G   0.01759  0.001472 0.0003023   0.01937       127       640    0.9209    0.8943     0.951    0.8267   0.01808   0.00232  0.001534
     70/99     6.62G   0.01771  0.001478  0.000302   0.01949       131       640    0.9347    0.8901    0.9509    0.8255   0.01813  0.002337  0.001527
     71/99     6.62G   0.01761   0.00147 0.0002947   0.01937       101       640    0.9511    0.8796    0.9514    0.8266    0.0182  0.002306  0.001498
     72/99     6.62G   0.01757  0.001459  0.000296   0.01932       113       640    0.9427    0.8834    0.9516    0.8268   0.01832  0.002304  0.001507
     73/99     6.62G   0.01732  0.001449 0.0002873   0.01906       122       640      0.94    0.8893    0.9514    0.8308   0.01808  0.002298  0.001502
     74/99     6.62G    0.0175  0.001471 0.0002815   0.01925       137       640     0.928    0.8969    0.9525    0.8343   0.01783  0.002296  0.001517
     75/99     6.62G   0.01737   0.00144 0.0002831   0.01909       118       640    0.9358    0.8904    0.9519    0.8359    0.0178  0.002304  0.001499
     76/99     6.62G   0.01723  0.001457 0.0002774   0.01896       134       640     0.971    0.8532    0.9514    0.8358   0.01794  0.002298  0.001456
     77/99     6.62G   0.01734  0.001435 0.0002768   0.01905       135       640    0.9695    0.8447    0.9508    0.8337   0.01793  0.002319  0.001478
     78/99     6.62G   0.01726  0.001452 0.0002674   0.01898       121       640    0.9243    0.8901    0.9525    0.8331   0.01792  0.002321  0.001482
     79/99     6.62G   0.01714  0.001433 0.0002771   0.01885       107       640     0.928    0.8898    0.9506    0.8338   0.01791   0.00232  0.001466
     80/99     6.62G   0.01696  0.001433 0.0002669   0.01866       108       640    0.9529    0.8673    0.9516    0.8353   0.01791  0.002311  0.001462
     81/99     6.62G   0.01696   0.00143  0.000253   0.01865       118       640    0.9237    0.8906    0.9512    0.8351   0.01773  0.002342  0.001458
     82/99     6.62G   0.01706  0.001422 0.0002536   0.01873       155       640    0.9249    0.8911    0.9506    0.8347   0.01775  0.002338  0.001455
     83/99     6.62G   0.01685  0.001417 0.0002533   0.01852       109       640    0.9265    0.8939    0.9528    0.8342   0.01762  0.002336  0.001449
     84/99     6.62G   0.01676  0.001404 0.0002466   0.01841       128       640    0.9446    0.8818    0.9526    0.8359   0.01756  0.002368  0.001451
     85/99     6.62G   0.01684  0.001393 0.0002503   0.01848       106       640    0.9202    0.9012    0.9543    0.8367   0.01763  0.002377  0.001435
     86/99     6.62G   0.01693  0.001405 0.0002576   0.01859        97       640    0.9203    0.8982    0.9548    0.8385   0.01763  0.002378  0.001446
     87/99     6.62G   0.01692  0.001432 0.0002398   0.01859       124       640    0.9213    0.9053    0.9545    0.8394   0.01761  0.002386  0.001443
     88/99     6.62G    0.0167  0.001418 0.0002389   0.01836       119       640    0.9202    0.9052    0.9554    0.8401   0.01759  0.002389  0.001443
     89/99     6.62G   0.01682  0.001396 0.0002496   0.01846       138       640    0.9244    0.9018     0.955    0.8406   0.01756  0.002385  0.001436
     90/99     6.62G   0.01664   0.00141 0.0002449    0.0183       110       640    0.9258    0.9034    0.9552    0.8406   0.01747  0.002387  0.001433
     91/99     6.62G   0.01663  0.001392 0.0002337   0.01826       147       640    0.9268    0.9013     0.955    0.8404   0.01746  0.002392  0.001435
     92/99     6.62G    0.0167  0.001411 0.0002387   0.01835       117       640    0.9262    0.8972    0.9549    0.8403   0.01752   0.00239  0.001433
     93/99     6.62G   0.01672  0.001392 0.0002424   0.01836       105       640    0.9322    0.8943    0.9543    0.8413   0.01753  0.002393  0.001434
     94/99     6.62G   0.01653  0.001385 0.0002311   0.01815       133       640    0.9305    0.8934    0.9548    0.8403    0.0175  0.002392  0.001438
     95/99     6.62G   0.01668  0.001407 0.0002348   0.01832       116       640    0.9324     0.893    0.9555    0.8412   0.01746  0.002397  0.001436
     96/99     6.62G   0.01659  0.001382 0.0002421   0.01821       119       640    0.9354    0.8913    0.9555     0.841   0.01744    0.0024  0.001433
     97/99     6.62G   0.01658  0.001389 0.0002386   0.01821       154       640    0.9278    0.8962    0.9553    0.8415   0.01743  0.002399  0.001429
     98/99     6.62G    0.0165  0.001401 0.0002362   0.01814       118       640    0.9284    0.8965    0.9552    0.8404   0.01742  0.002398  0.001427
     99/99     6.62G   0.01655  0.001398 0.0002272   0.01817       128       640    0.9276    0.8973     0.955    0.8407   0.01742  0.002395  0.001426
